0.0,0.03142334610258617,0.02642593838397056,0.022223292745260387,0.03142334610258617,0.03142334610258617,0.027681275333047834,0.0236295638690017,0.02001048535690864,0.02642593838397056,0.027681275333047834,0.026425938383970587,0.0236295638690017,0.020506793138429222,0.017562619657897377,0.022223292745260387,0.0236295638690017,0.0236295638690017,0.022223292745260387,0.02001048535690864,0.017562619657897377,0.015191806004699198,0.02001048535690864,0.020506793138429222,0.02001048535690864,0.01868901430350404,0.016895221163303775,0.01494297163983372,0.017562619657897377,0.017562619657897377,0.016895221163303775,0.015716809369352807,0.0142447886030581,0.015191806004699198,0.01494297163983372,0.0142447886030581,0.013217288656377215,0.01111527889157018,0.010105567613196122,0.009052233437903345,0.008014687308595596,0.010105567613196122,0.00934756197351966,0.008507016938902375,0.007639295731740991,0.006786151509820141,0.009052233437903345,0.008507016938902375,0.007860973683265592,0.007159821422522607,0.006442499724195401,0.005738838307176077,0.008014687308595596,0.007639295731740991,0.007159821422522607,0.0066108047664247185,0.006025060041790193,0.005430471983701072,0.004848640799721765,0.006786151509820141,0.006442499724195401,0.006025060041790193,0.005559456299010188,0.0050695789575936085,0.004575684037108434,0.005738838307176077,0.005430471983701072,0.0050695789575936085,0.004675308896970996,0.004265258387899351,0.004848640799721765,0.004575684037108434,0.004265258387899351,0.003931771760844286
0.02975086601155537,0.0,0.02975086601155537,0.02501944094446459,0.026207963683240618,0.02975086601155537,0.02975086601155537,0.026207963683240618,0.022371901015350557,0.022371901015350557,0.02501944094446459,0.026207963683240618,0.025019440944464615,0.022371901015350557,0.019415337023509394,0.01894544478923534,0.021040477441242263,0.022371901015350557,0.022371901015350557,0.021040477441242263,0.01894544478923534,0.016627864599404036,0.017694307875946735,0.01894544478923534,0.019415337023509394,0.01894544478923534,0.017694307875946735,0.01599598780550226,0.01599598780550226,0.016627864599404036,0.016627864599404036,0.01599598780550226,0.01488029594780457,0.014147645054088515,0.01438323542769211,0.014147645054088515,0.013486622198316233,0.011362081791491787,0.010523677901920131,0.009567707622523609,0.008570436236713157,0.010145839523334355,0.009567707622523609,0.00885004616952635,0.008054238408636148,0.007232700903197832,0.008946752465923122,0.008570436236713157,0.008054238408636148,0.007442580239790242,0.0067787461943972565,0.006099603315582142,0.007815402256446738,0.00758811259195967,0.007232700903197832,0.0067787461943972565,0.006258950469258482,0.00570438149488236,0.0051414398657340715,0.006657433254915912,0.006424964535720056,0.006099603315582142,0.00570438149488236,0.005263559103762574,0.004799755055046637,0.005657788231220072,0.005433393661559328,0.0051414398657340715,0.004799755055046637,0.004426469673290753,0.004799755055046637,0.004590576137237368,0.00433214725939139,0.0040382437436416955
0.024606695129569704,0.029260065858865113,0.0,0.029260065858865113,0.02200283167699783,0.025775610804086135,0.029260065858865113,0.029260065858865113,0.025775610804086135,0.019095042132867553,0.02200283167699783,0.024606695129569704,0.025775610804086135,0.024606695129569724,0.02200283167699783,0.01635355465222029,0.01863290171261599,0.020693372602787252,0.02200283167699783,0.02200283167699783,0.020693372602787252,0.01863290171261599,0.015732101932253304,0.017402404809868256,0.01863290171261599,0.019095042132867553,0.01863290171261599,0.017402404809868256,0.014634815647485847,0.015732101932253304,0.01635355465222029,0.01635355465222029,0.015732101932253304,0.013264133339281392,0.013914251298422472,0.014145955136713377,0.013914251298422472,0.01179603366075651,0.01117464148383898,0.010350068746505315,0.009409869112538508,0.010350068746505315,0.009978463569125517,0.009409869112538508,0.008704046923331894,0.007921367606178599,0.008994864481564608,0.008799157855579628,0.008429049716671449,0.007921367606178599,0.007319799964531036,0.006666917191975396,0.007763464782692365,0.0076864715349238754,0.007462931468918809,0.007113383008173409,0.006666917191975396,0.006155696538942649,0.005610276291100919,0.006666917191975396,0.006547605552530079,0.006318971870701966,0.0059989781358823335,0.005610276291100919,0.00517672614868767,0.005703697194356396,0.005564451676691091,0.005343758945121701,0.005056621512205473,0.004720573477173315,0.0048656347012442595,0.004720573477173315,0.00451484538478743,0.004260679809147752
0.02112696095565926,0.02512227935141939,0.029873152183854154,0.0,0.01902331700730367,0.02246385713323808,0.02631568732265751,0.029873152183854154,0.029873152183854154,0.016696210775094308,0.019495140658387575,0.02246385713323808,0.02512227935141939,0.02631568732265751,0.025122279351419415,0.014442355414486498,0.016696210775094308,0.01902331700730367,0.02112696095565926,0.02246385713323808,0.02246385713323808,0.02112696095565926,0.014205796684364903,0.016061736752780404,0.017767037496011755,0.01902331700730367,0.019495140658387575,0.01902331700730367,0.013542056799958799,0.014941459022298716,0.016061736752780404,0.016696210775094308,0.016696210775094308,0.012565246049891227,0.013542056799958799,0.014205796684364903,0.014442355414486498,0.012386409484312752,0.012043196020588625,0.011408783809883036,0.010566933795332823,0.010699160040612858,0.010566933795332823,0.010187542372575261,0.009607034153132092,0.008886422867613679,0.009183333927784466,0.009183333927784466,0.008983526659761295,0.008605663642930892,0.008087344066313184,0.007473171774476897,0.007847526216352475,0.007926132704075755,0.007847526216352475,0.007619302314083474,0.007262429762468365,0.006806609145505162,0.006284676883245759,0.006806609145505162,0.006806609145505162,0.00668479756860554,0.006451373323952422,0.006124674758602114,0.005727828441874432,0.005871823526720574,0.005823206793842783,0.005681043664060389,0.005455726756441558,0.00516257293127377,0.005044220376226897,0.00496758437258518,0.004819483679868026,0.004609444965601922
0.029750866011555365,0.026207963683240614,0.022371901015350554,0.018945444789235336,0.0,0.029750866011555365,0.02501944094446461,0.02104047744124226,0.01769430787594673,0.029750866011555365,0.029750866011555365,0.026207963683240614,0.022371901015350554,0.018945444789235336,0.01599598780550226,0.02501944094446461,0.026207963683240614,0.025019440944464587,0.022371901015350554,0.01941533702350939,0.016627864599404032,0.014147645054088514,0.022371901015350554,0.022371901015350554,0.02104047744124226,0.018945444789235336,0.016627864599404032,0.014383235427692109,0.01941533702350939,0.018945444789235336,0.01769430787594673,0.01599598780550226,0.014147645054088514,0.016627864599404032,0.01599598780550226,0.014880295947804567,0.013486622198316232,0.011362081791491785,0.010145839523334354,0.00894675246592312,0.007815402256446736,0.01052367790192013,0.009567707622523609,0.008570436236713157,0.007588112591959669,0.006657433254915911,0.009567707622523609,0.008850046169526348,0.008054238408636146,0.0072327009031978315,0.006424964535720056,0.005657788231220071,0.008570436236713157,0.008054238408636146,0.007442580239790241,0.006778746194397256,0.0060996033155821415,0.005433393661559327,0.004799755055046637,0.0072327009031978315,0.006778746194397256,0.006258950469258481,0.005704381494882359,0.005141439865734071,0.004590576137237367,0.0060996033155821415,0.005704381494882359,0.005263559103762573,0.004799755055046637,0.004332147259391389,0.005141439865734071,0.004799755055046637,0.004426469673290752,0.004038243743641695
0.027536437885460143,0.027536437885460143,0.02425724225263389,0.020706706905593595,0.027536437885460143,0.0,0.027536437885460143,0.02315718410444246,0.01947438437308545,0.02425724225263389,0.027536437885460143,0.027536437885460143,0.02425724225263389,0.020706706905593595,0.017535290013022366,0.020706706905593595,0.02315718410444248,0.02425724225263389,0.02315718410444246,0.020706706905593595,0.017970207044241623,0.015390212860744665,0.01947438437308545,0.020706706905593595,0.020706706905593595,0.01947438437308545,0.017535290013022366,0.015390212860744665,0.017535290013022366,0.017970207044241623,0.017535290013022366,0.0163772782131105,0.01480536816816389,0.015390212860744665,0.015390212860744665,0.01480536816816389,0.013772719924348954,0.011582377220819718,0.010516374863824491,0.009390660417133082,0.00828082427781401,0.010516374863824491,0.009740375381350565,0.008855560256684146,0.007932518165753072,0.007023311219754694,0.009390660417133082,0.008855560256684146,0.008191316062395062,0.007454742176848038,0.0066943536731893065,0.005946739055778169,0.00828082427781401,0.007932518165753072,0.007454742176848038,0.006888611188694023,0.006274187899297413,0.0056455952495714735,0.00502897317377819,0.007023311219754694,0.0066943536731893065,0.006274187899297413,0.005793081813415669,0.005279790734420518,0.00475875019737663,0.005946739055778169,0.0056455952495714735,0.005279790734420518,0.00487177980838977,0.0044424978045136685,0.00502897317377819,0.00475875019737663,0.0044424978045136685,0.0040969969466805286
0.023356209594788617,0.026513599858073358,0.026513599858073358,0.023356209594788617,0.02229701298834735,0.026513599858073358,0.0,0.026513599858073358,0.022297012988347326,0.01993755850182794,0.023356209594788617,0.026513599858073358,0.026513599858073358,0.023356209594788617,0.01993755850182794,0.01730270563388057,0.01993755850182794,0.02229701298834735,0.023356209594788617,0.022297012988347326,0.01993755850182794,0.01730270563388057,0.01688394354906867,0.018751010457418,0.01993755850182794,0.01993755850182794,0.018751010457418,0.01688394354906867,0.015768945973074922,0.01688394354906867,0.01730270563388057,0.01688394354906867,0.015768945973074922,0.01425542435789873,0.01481854505719558,0.01481854505719558,0.01425542435789873,0.01201910909969078,0.011152151063091151,0.010125745249140236,0.009041845344650839,0.010688811088198724,0.010125745249140236,0.009378570184087632,0.008526621422183175,0.007637865630569758,0.009378570184087632,0.009041845344650839,0.008526621422183175,0.007887050507140152,0.007177836579451562,0.006445692625082938,0.008150570774246727,0.007973233949512026,0.007637865630569758,0.007177836579451562,0.0066327344660407,0.006041133863729509,0.005435890220456398,0.00696498878643833,0.006762431078916633,0.006445692625082938,0.006041133863729509,0.0055778984117290965,0.005083673474727273,0.005933021288661417,0.005725848072329369,0.005435890220456398,0.005083673474727273,0.004690818070716865,0.005042150140638652,0.004842172505433051,0.004581986932463513,0.0042774817007627105
0.019941478288657263,0.023360801499195775,0.026518812515355945,0.026518812515355945,0.018754696965162704,0.022301396651363884,0.026518812515355945,0.0,0.026518812515355945,0.01688726298557563,0.019941478288657263,0.023360801499195775,0.026518812515355945,0.026518812515355945,0.023360801499195775,0.01482145842985049,0.01730610740033302,0.019941478288657263,0.022301396651363905,0.023360801499195775,0.022301396651363905,0.019941478288657263,0.01482145842985049,0.01688726298557563,0.018754696965162704,0.019941478288657263,0.019941478288657263,0.018754696965162704,0.014258227019249633,0.015772046197544826,0.01688726298557563,0.01730610740033302,0.01688726298557563,0.01326374090285549,0.014258227019249633,0.01482145842985049,0.01482145842985049,0.012610683217673564,0.012021472094414773,0.011154343611133164,0.010127736002564783,0.010995587905532435,0.010690912542141582,0.010127736002564783,0.009380414040539868,0.008528297782824134,0.009497793116795702,0.009380414040539868,0.009043622999938545,0.008528297782824134,0.007888601126123777,0.007179247764742106,0.008152173202145278,0.008152173202145278,0.007974801512432005,0.0076393672590214096,0.007179247764742106,0.006634038482538005,0.006042321569684129,0.00703613819718766,0.0069663581251820355,0.006763760594176733,0.006446959868564898,0.006042321569684129,0.005578995044134091,0.006042321569684129,0.005934187739343091,0.005726973792103861,0.0054369589336034875,0.0050846729409522355,0.005169341630024807,0.0050431414432452835,0.004843124491806425,0.004582887765533336
0.017546188429921214,0.020719576400440375,0.024272318452610582,0.027553552149311048,0.01638745691021231,0.019486487963022582,0.02317157660359053,0.027553552149311048,0.0,0.014814569902182419,0.017546188429921214,0.020719576400440375,0.024272318452610582,0.027553552149311048,0.027553552149311048,0.01310274045926473,0.015399778083549299,0.017981375767882998,0.020719576400440375,0.023171576603590555,0.024272318452610582,0.02317157660359053,0.013320930801772442,0.015399778083549299,0.017546188429921214,0.019486487963022582,0.020719576400440375,0.020719576400440375,0.01310274045926473,0.014814569902182419,0.01638745691021231,0.017546188429921214,0.017981375767882998,0.01249053886078575,0.013781279853694588,0.014814569902182419,0.015399778083549299,0.013320930801772442,0.01310274045926473,0.01249053886078575,0.011589575822926584,0.011424625615946636,0.011424625615946636,0.01110806210055774,0.010522910931231727,0.00974642915471721,0.00974642915471721,0.009868388254393347,0.00974642915471721,0.009396496837979584,0.008861064105635521,0.008196407074709765,0.008285970920679838,0.008470263490322469,0.008470263490322469,0.008285970920679838,0.007937448331719183,0.00745937539865711,0.006892892552534183,0.007238179001485489,0.007310681827616045,0.007238179001485489,0.007027676301462861,0.006698514303389581,0.006278087390858572,0.006278087390858572,0.006278087390858572,0.006165734278075665,0.005950435033510525,0.005649104062406978,0.0054158863035046875,0.0053710445781844736,0.00523992017637844,0.005032098747759587
0.024606695129569704,0.02200283167699783,0.019095042132867553,0.01635355465222029,0.029260065858865113,0.025775610804086135,0.02200283167699783,0.01863290171261599,0.015732101932253304,0.0,0.029260065858865113,0.024606695129569704,0.020693372602787252,0.017402404809868256,0.014634815647485847,0.029260065858865113,0.029260065858865113,0.025775610804086135,0.02200283167699783,0.01863290171261599,0.015732101932253304,0.013264133339281378,0.025775610804086135,0.024606695129569724,0.02200283167699783,0.019095042132867553,0.01635355465222029,0.013914251298422472,0.02200283167699783,0.020693372602787252,0.01863290171261599,0.01635355465222029,0.014145955136713377,0.01863290171261599,0.017402404809868256,0.015732101932253304,0.013914251298422472,0.01179603366075651,0.010350068746505315,0.008994864481564608,0.007763464782692365,0.01117464148383898,0.009978463569125517,0.008799157855579628,0.0076864715349238754,0.006666917191975396,0.010350068746505315,0.009409869112538508,0.008429049716671449,0.007462931468918809,0.006547605552530079,0.005703697194356396,0.009409869112538508,0.008704046923331894,0.007921367606178599,0.007113383008173409,0.006318971870701966,0.005564451676691091,0.0048656347012442595,0.007921367606178599,0.007319799964531036,0.006666917191975396,0.0059989781358823335,0.005343758945121701,0.004720573477173315,0.006666917191975396,0.006155696538942649,0.005610276291100919,0.005056621512205473,0.00451484538478743,0.005610276291100919,0.00517672614868767,0.004720573477173315,0.004260679809147752
0.02335620959478862,0.02229701298834733,0.019937558501827945,0.01730270563388057,0.02651359985807336,0.02651359985807336,0.02335620959478862,0.019937558501827945,0.016883943549068674,0.02651359985807336,0.0,0.02651359985807336,0.02229701298834733,0.018751010457418005,0.015768945973074926,0.02335620959478862,0.02651359985807336,0.02651359985807336,0.02335620959478862,0.019937558501827945,0.016883943549068674,0.01425542435789873,0.02229701298834735,0.02335620959478862,0.02229701298834733,0.019937558501827945,0.01730270563388057,0.014818545057195582,0.019937558501827945,0.019937558501827945,0.018751010457418005,0.016883943549068674,0.014818545057195582,0.01730270563388057,0.016883943549068674,0.015768945973074926,0.01425542435789873,0.012019109099690782,0.010688811088198726,0.009378570184087632,0.008150570774246729,0.011152151063091153,0.010125745249140236,0.00904184534465084,0.007973233949512028,0.006964988786438331,0.010125745249140236,0.009378570184087632,0.008526621422183177,0.0076378656305697585,0.006762431078916633,0.005933021288661418,0.00904184534465084,0.008526621422183177,0.007887050507140152,0.007177836579451562,0.006445692625082939,0.0057258480723293695,0.005042150140638653,0.0076378656305697585,0.007177836579451562,0.006632734466040701,0.0060411338637295095,0.0054358902204563984,0.004842172505433052,0.006445692625082939,0.0060411338637295095,0.005577898411729097,0.0050836734747272735,0.004581986932463513,0.0054358902204563984,0.0050836734747272735,0.004690818070716866,0.004277481700762711
0.021007696345501557,0.022005645294534894,0.021007696345501536,0.018784676454014968,0.022005645294534894,0.024980460617555673,0.024980460617555673,0.022005645294534894,0.018784676454014968,0.021007696345501536,0.024980460617555673,0.0,0.024980460617555673,0.021007696345501557,0.017666740117459948,0.018784676454014968,0.022005645294534894,0.024980460617555673,0.024980460617555673,0.022005645294534894,0.018784676454014968,0.01590763567204229,0.018784676454014968,0.021007696345501536,0.022005645294534894,0.021007696345501557,0.018784676454014968,0.016302182992050357,0.017666740117459948,0.018784676454014968,0.018784676454014968,0.017666740117459948,0.01590763567204229,0.01590763567204229,0.016302182992050357,0.01590763567204229,0.014857112424166513,0.012494313501910461,0.0113241085001706,0.010070734485944803,0.008836257784181829,0.0113241085001706,0.010507281995800019,0.009540227723642266,0.008519003935759497,0.007512184604750852,0.010070734485944803,0.009540227723642266,0.008836257784181829,0.008033572648672053,0.007196208836520261,0.006371395968487202,0.008836257784181829,0.008519003935759497,0.008033572648672053,0.00743098468849729,0.0067627807974797475,0.006072972800210835,0.005394752996144998,0.007512184604750852,0.007196208836520261,0.0067627807974797475,0.00624919901494183,0.005691807501663149,0.005121561851289646,0.006371395968487202,0.006072972800210835,0.005691807501663149,0.005255358470701844,0.004789711910405406,0.005394752996144998,0.005121561851289646,0.004789711910405406,0.0044195732268313736
0.01838029473932169,0.020555459210049913,0.02153192510036918,0.020555459210049892,0.01838029473932169,0.02153192510036918,0.024442700942903624,0.024442700942903624,0.02153192510036918,0.017286424455424044,0.020555459210049892,0.024442700942903624,0.0,0.024442700942903624,0.020555459210049913,0.015565188624549942,0.01838029473932169,0.02153192510036918,0.024442700942903624,0.024442700942903624,0.02153192510036918,0.01838029473932169,0.015951242440707513,0.01838029473932169,0.020555459210049913,0.02153192510036918,0.020555459210049913,0.01838029473932169,0.015565188624549942,0.017286424455424044,0.01838029473932169,0.01838029473932169,0.017286424455424044,0.014537280213471655,0.015565188624549942,0.015951242440707513,0.015565188624549942,0.013141975297941396,0.01222534576481973,0.011080332014380079,0.009853939648428362,0.011623414826617898,0.011080332014380079,0.010281089507437023,0.009334853217730761,0.008335613530955112,0.01013476250909457,0.009853939648428362,0.009334853217730761,0.008646037788485519,0.00786063222615609,0.00704129452241287,0.008754227461617161,0.008646037788485519,0.008335613530955112,0.00786063222615609,0.007271016304822959,0.00661719698070897,0.00594223862652162,0.007513953782787454,0.007350468213254935,0.00704129452241287,0.00661719698070897,0.006114671182146414,0.005569278754209814,0.006420974099665705,0.006234237575951993,0.00594223862652162,0.005569278754209814,0.005142225254119025,0.005469610532817692,0.005278619004044137,0.0050113089029142945,0.004686602766100577
0.016199729200904837,0.01866662101818197,0.02087566996996154,0.021867347142187563,0.015807661479410713,0.01866662101818197,0.021867347142187563,0.024823466741577347,0.024823466741577347,0.014763740420302165,0.01755571053920659,0.02087566996996154,0.024823466741577347,0.0,0.024823466741577347,0.013346699593024825,0.015807661479410713,0.01866662101818197,0.021867347142187563,0.024823466741577347,0.024823466741577347,0.021867347142187563,0.013873923660119308,0.016199729200904837,0.01866662101818197,0.02087566996996154,0.021867347142187563,0.02087566996996152,0.013873923660119308,0.015807661479410713,0.01755571053920659,0.01866662101818197,0.01866662101818197,0.013346699593024825,0.014763740420302165,0.015807661479410713,0.016199729200904837,0.013873923660119308,0.013346699593024825,0.012415790902412247,0.011252940249406183,0.01200105456213999,0.011804483147999872,0.011252940249406183,0.01044124722759568,0.009480270569489637,0.010292640762817766,0.010292640762817766,0.010007443273460677,0.009480270569489637,0.008780724846662357,0.007983084319918735,0.008780724846662357,0.008890599887028759,0.008780724846662357,0.008465464833025356,0.007983084319918735,0.007384283424399586,0.00672027897231156,0.0076310053565878996,0.0076310053565878996,0.007464973026220722,0.007150983060467084,0.00672027897231156,0.006209924880243683,0.006586318389101727,0.006520999352072695,0.006331353866630101,0.006034806188585348,0.005656036387003213,0.005656036387003213,0.005554815544646271,0.005360848770127033,0.005089374540638872
0.014622953125230827,0.017074324938604092,0.019674400035798966,0.022002711771149482,0.014067265130364787,0.01666109014981794,0.019674400035798966,0.023047927901789333,0.026163643354275918,0.013086098267970457,0.015560809573987354,0.018503513395628064,0.022002711771149482,0.026163643354275918,0.0,0.011860467292399304,0.014067265130364787,0.01666109014981794,0.019674400035798966,0.023047927901789333,0.026163643354275918,0.026163643354275918,0.012441787050981578,0.014622953125230827,0.017074324938604092,0.019674400035798966,0.022002711771149482,0.023047927901789333,0.012648971020358165,0.014622953125230827,0.01666109014981794,0.018503513395628064,0.019674400035798966,0.012441787050981578,0.014067265130364787,0.015560809573987354,0.01666109014981794,0.014622953125230827,0.014622953125230827,0.014067265130364787,0.013086098267970457,0.012441787050981578,0.012648971020358165,0.012441787050981578,0.011860467292399304,0.011004952349346066,0.010547728059933955,0.010848322875104385,0.010848322875104385,0.010547728059933955,0.009992094201198754,0.009254781198442107,0.00892250083460206,0.009254781198442107,0.009370588204756348,0.009254781198442107,0.00892250083460206,0.008414077420686413,0.007782948286561751,0.00786799418230325,0.008042990314883324,0.008042990314883324,0.00786799418230325,0.007537052434064684,0.007083095367106933,0.006873056980205382,0.006941902480588692,0.006873056980205382,0.006673172858598873,0.0063606150774205405,0.005961396140551969,0.005961396140551969,0.005854710557630922,0.005650271847924007
0.021126960955659257,0.019023317007303666,0.016696210775094308,0.014442355414486496,0.025122279351419412,0.022463857133238077,0.01949514065838757,0.016696210775094308,0.014205796684364901,0.02987315218385415,0.026315687322657506,0.022463857133238077,0.019023317007303666,0.0160617367527804,0.013542056799958797,0.0,0.02987315218385415,0.025122279351419387,0.021126960955659257,0.017767037496011752,0.014941459022298714,0.012565246049891225,0.02987315218385415,0.026315687322657506,0.022463857133238077,0.019023317007303666,0.0160617367527804,0.013542056799958797,0.025122279351419412,0.022463857133238077,0.01949514065838757,0.016696210775094308,0.014205796684364901,0.021126960955659257,0.019023317007303666,0.016696210775094308,0.014442355414486496,0.01238640948431275,0.010699160040612858,0.009183333927784466,0.007847526216352473,0.012043196020588625,0.010566933795332821,0.009183333927784466,0.007926132704075755,0.006806609145505161,0.011408783809883034,0.01018754237257526,0.008983526659761293,0.007847526216352473,0.006806609145505161,0.005871823526720573,0.010566933795332821,0.00960703415313209,0.00860566364293089,0.007619302314083473,0.0066847975686055395,0.005823206793842782,0.005044220376226896,0.008886422867613677,0.008087344066313184,0.007262429762468364,0.006451373323952421,0.0056810436640603885,0.0049675843725851794,0.007473171774476896,0.006806609145505161,0.0061246747586021135,0.005455726756441557,0.004819483679868025,0.006284676883245758,0.005727828441874431,0.00516257293127377,0.004609444965601921
0.019941478288657263,0.018754696965162704,0.016887262985575635,0.014821458429850491,0.02336080149919578,0.02230139665136391,0.019941478288657263,0.01730610740033302,0.014821458429850491,0.026518812515355945,0.026518812515355945,0.02336080149919578,0.019941478288657263,0.016887262985575635,0.014258227019249635,0.026518812515355945,0.0,0.026518812515355945,0.022301396651363888,0.018754696965162704,0.01577204619754483,0.013263740902855491,0.026518812515355945,0.026518812515355945,0.02336080149919578,0.019941478288657263,0.016887262985575635,0.014258227019249635,0.02336080149919578,0.022301396651363888,0.019941478288657263,0.01730610740033302,0.014821458429850491,0.019941478288657263,0.018754696965162704,0.016887262985575635,0.014821458429850491,0.012610683217673566,0.010995587905532435,0.009497793116795702,0.00815217320214528,0.012021472094414775,0.010690912542141582,0.009380414040539868,0.00815217320214528,0.007036138197187661,0.011154343611133165,0.010127736002564785,0.009043622999938546,0.007974801512432007,0.006966358125182036,0.0060423215696841295,0.010127736002564785,0.009380414040539868,0.008528297782824134,0.00763936725902141,0.006763760594176734,0.005934187739343092,0.0051693416300248075,0.008528297782824134,0.007888601126123778,0.007179247764742107,0.006446959868564899,0.0057269737921038615,0.005043141443245284,0.007179247764742107,0.006634038482538006,0.0060423215696841295,0.005436958933603488,0.004843124491806426,0.0060423215696841295,0.005578995044134092,0.005084672940952236,0.004582887765533337
0.0183802947393217,0.0183802947393217,0.017286424455424054,0.015565188624549952,0.020555459210049906,0.021531925100369192,0.020555459210049927,0.0183802947393217,0.015951242440707523,0.021531925100369192,0.02444270094290364,0.02444270094290364,0.021531925100369192,0.0183802947393217,0.015565188624549952,0.020555459210049906,0.02444270094290364,0.0,0.02444270094290364,0.020555459210049927,0.017286424455424054,0.014537280213471664,0.021531925100369192,0.02444270094290364,0.02444270094290364,0.021531925100369192,0.0183802947393217,0.015565188624549952,0.020555459210049906,0.021531925100369192,0.020555459210049927,0.0183802947393217,0.015951242440707523,0.0183802947393217,0.0183802947393217,0.017286424455424054,0.015565188624549952,0.013141975297941404,0.011623414826617905,0.010134762509094578,0.008754227461617166,0.012225345764819737,0.011080332014380086,0.009853939648428369,0.008646037788485524,0.007513953782787458,0.011080332014380086,0.010281089507437028,0.009334853217730766,0.008335613530955117,0.00735046821325494,0.006420974099665709,0.009853939648428369,0.009334853217730766,0.008646037788485524,0.007860632226156093,0.007041294522412874,0.006234237575951996,0.005469610532817695,0.008335613530955117,0.007860632226156093,0.0072710163048229646,0.006617196980708975,0.005942238626521624,0.00527861900404414,0.007041294522412874,0.006617196980708975,0.006114671182146417,0.005569278754209817,0.005011308902914297,0.005942238626521624,0.005569278754209817,0.005142225254119028,0.0046866027661005795
0.016538664898620166,0.017585217591722938,0.017585217591722938,0.016538664898620166,0.017585217591722938,0.019666290885597223,0.020600517751689022,0.01966629088559724,0.017585217591722938,0.017585217591722938,0.020600517751689022,0.02338538204672088,0.02338538204672088,0.020600517751689022,0.017585217591722938,0.016538664898620166,0.019666290885597223,0.02338538204672088,0.0,0.02338538204672088,0.01966629088559724,0.016538664898620166,0.017585217591722938,0.020600517751689022,0.02338538204672088,0.02338538204672088,0.020600517751689022,0.017585217591722938,0.017585217591722938,0.01966629088559724,0.020600517751689022,0.01966629088559724,0.017585217591722938,0.016538664898620166,0.017585217591722938,0.017585217591722938,0.016538664898620166,0.013908440499533676,0.012573492344762916,0.011120620304725186,0.009696362680277733,0.012573492344762916,0.011696513492162712,0.010601029647503805,0.009427687385371792,0.008272035784687742,0.011120620304725186,0.010601029647503805,0.009836360005777131,0.00893105509725077,0.0079750395617304,0.007032508714596445,0.009696362680277733,0.009427687385371792,0.00893105509725077,0.008272035784687742,0.007520604542305921,0.006736708962513991,0.005964562910793507,0.008272035784687742,0.0079750395617304,0.007520604542305921,0.006956493660557899,0.006330956625201194,0.005685194971643849,0.007032508714596445,0.006736708962513991,0.006330956625201194,0.005850168605285959,0.005328368239504821,0.005964562910793507,0.005685194971643849,0.005328368239504821,0.004919787809815774
0.01477641164010074,0.016410422623210297,0.0174488602538505,0.0174488602538505,0.015142901905035836,0.0174488602538505,0.01951379672071141,0.020440779508772062,0.019513796720711428,0.01477641164010074,0.0174488602538505,0.020440779508772062,0.023204049718906994,0.023204049718906994,0.020440779508772062,0.013800593217543473,0.016410422623210297,0.019513796720711428,0.023204049718906994,0.0,0.023204049718906994,0.01951379672071141,0.01477641164010074,0.0174488602538505,0.020440779508772062,0.023204049718906994,0.023204049718906994,0.020440779508772062,0.015142901905035836,0.0174488602538505,0.019513796720711428,0.020440779508772062,0.01951379672071141,0.01477641164010074,0.016410422623210297,0.0174488602538505,0.0174488602538505,0.01477641164010074,0.013800593217543473,0.012475996369239795,0.011034390027941106,0.012968825738852953,0.012475996369239795,0.011605817688493437,0.010518828322788845,0.009354584260690073,0.011218137645246444,0.011034390027941106,0.010518828322788845,0.009760087997327601,0.00886180290340664,0.007913200397193886,0.009621176223514714,0.009621176223514714,0.009354584260690073,0.00886180290340664,0.00820789368508037,0.0074622891072405675,0.006684471923344103,0.008310600769714065,0.00820789368508037,0.007913200397193886,0.0074622891072405675,0.006902552391333761,0.006281865825664847,0.007133178840122785,0.00697797801789705,0.006684471923344103,0.006281865825664847,0.005804805878725373,0.006095586678431856,0.005918313160635663,0.0056411114652797295,0.005287051599289637
0.013345839118249783,0.015205972881802317,0.016887485775656814,0.01795611155812387,0.013345839118249783,0.015583117290457247,0.01795611155812387,0.020081077259033235,0.021035008124013616,0.0128386828334752,0.015205972881802317,0.01795611155812387,0.021035008124013616,0.02387860864786296,0.02387860864786296,0.011943207413323638,0.014201786694223438,0.016887485775656814,0.020081077259033235,0.02387860864786296,0.0,0.02387860864786296,0.0128386828334752,0.015205972881802317,0.01795611155812387,0.021035008124013616,0.02387860864786296,0.02387860864786296,0.013345839118249783,0.015583117290457247,0.01795611155812387,0.020081077259033235,0.021035008124013616,0.013345839118249783,0.015205972881802317,0.016887485775656814,0.01795611155812387,0.015583117290457247,0.015205972881802317,0.014201786694223438,0.0128386828334752,0.013345839118249783,0.013345839118249783,0.0128386828334752,0.011943207413323638,0.010824618460857312,0.011355167927019015,0.01154425722379105,0.011355167927019015,0.010824618460857312,0.010043820991600094,0.009119422084004673,0.009626528960695512,0.00990087094953241,0.00990087094953241,0.009626528960695512,0.009119422084004673,0.008446503239889283,0.007679223384175787,0.008446503239889283,0.008552196095620952,0.008446503239889283,0.008143242999636494,0.007679223384175787,0.007103214706945273,0.007340545637588483,0.007340545637588483,0.007180833012393788,0.006878794478064936,0.006464484322631469,0.00633562269447905,0.006272789902479892,0.006090362912089671,0.005805102757930673
0.0123122372511977,0.014233669118319062,0.016217548009082473,0.0180109233028535,0.012110568816547653,0.014233669118319062,0.016619781894494572,0.01915063925957752,0.021416967993689157,0.011544724624561242,0.013692774335698299,0.016217548009082473,0.01915063925957752,0.02243435897027569,0.02546712960406843,0.010711984717586743,0.012737727543878691,0.015146558481894279,0.0180109233028535,0.021416967993689157,0.02546712960406843,0.0,0.011544724624561242,0.013692774335698299,0.016217548009082473,0.01915063925957752,0.02243435897027569,0.02546712960406843,0.012110568816547653,0.014233669118319062,0.016619781894494572,0.01915063925957752,0.021416967993689178,0.0123122372511977,0.014233669118319062,0.016217548009082473,0.0180109233028535,0.016217548009082473,0.016619781894494572,0.016217548009082473,0.015146558481894279,0.013692774335698299,0.014233669118319062,0.014233669118319062,0.013692774335698299,0.012737727543878691,0.011544724624561254,0.012110568816547653,0.0123122372511977,0.012110568816547653,0.011544724624561254,0.010711984717586743,0.009726090307541258,0.010266932395212714,0.010559524944828142,0.010559524944828142,0.010266932395212714,0.009726090307541258,0.009008405635505716,0.008684971052018379,0.009008405635505716,0.009121129693043442,0.009008405635505716,0.008684971052018379,0.008190082599343586,0.007658536880798216,0.007828874365080547,0.007828874365080547,0.007658536880798216,0.007336405277043148,0.006690086335488569,0.0067570990698076275,0.006690086335488569,0.0064955234161803
0.017546188429921217,0.01638745691021231,0.01481456990218242,0.01310274045926473,0.02071957640044038,0.019486487963022586,0.017546188429921217,0.0153997780835493,0.013320930801772443,0.024272318452610585,0.023171576603590555,0.02071957640044038,0.017981375767883,0.0153997780835493,0.01310274045926473,0.02755355214931105,0.02755355214931105,0.024272318452610585,0.02071957640044038,0.017546188429921217,0.01481456990218242,0.01249053886078574,0.0,0.02755355214931105,0.023171576603590534,0.019486487963022586,0.01638745691021231,0.01378127985369459,0.02755355214931105,0.024272318452610585,0.02071957640044038,0.017546188429921217,0.01481456990218242,0.023171576603590555,0.02071957640044038,0.017981375767883,0.0153997780835493,0.013320930801772443,0.011424625615946638,0.009746429154717212,0.008285970920679838,0.01310274045926473,0.011424625615946638,0.009868388254393349,0.008470263490322469,0.00723817900148549,0.012490538860785752,0.011108062100557741,0.009746429154717212,0.008470263490322469,0.0073106818276160454,0.006278087390858573,0.011589575822926584,0.010522910931231727,0.009396496837979584,0.008285970920679838,0.00723817900148549,0.006278087390858573,0.005415886303504688,0.009746429154717212,0.008861064105635521,0.007937448331719183,0.007027676301462862,0.006165734278075666,0.0053710445781844736,0.008196407074709767,0.007459375398657111,0.006698514303389582,0.0059504350335105255,0.005239920176378441,0.006892892552534184,0.006278087390858573,0.005649104062406979,0.005032098747759588
0.016199729200904848,0.015807661479410724,0.014763740420302174,0.013346699593024834,0.01866662101818198,0.01866662101818198,0.0175557105392066,0.015807661479410724,0.013873923660119317,0.020875669969961555,0.021867347142187576,0.020875669969961534,0.01866662101818198,0.016199729200904848,0.013873923660119317,0.021867347142187576,0.024823466741577364,0.024823466741577364,0.021867347142187576,0.01866662101818198,0.015807661479410724,0.013346699593024834,0.024823466741577364,0.0,0.024823466741577364,0.020875669969961534,0.0175557105392066,0.014763740420302174,0.024823466741577364,0.024823466741577364,0.021867347142187576,0.01866662101818198,0.015807661479410724,0.021867347142187576,0.020875669969961555,0.01866662101818198,0.016199729200904848,0.013873923660119317,0.012001054562139997,0.010292640762817773,0.008780724846662362,0.013346699593024834,0.011804483147999879,0.010292640762817773,0.008890599887028764,0.007631005356587905,0.012415790902412254,0.01125294024940619,0.010007443273460684,0.008780724846662362,0.007631005356587905,0.006586318389101732,0.01125294024940619,0.010441247227595686,0.009480270569489644,0.008465464833025361,0.007464973026220727,0.0065209993520726995,0.0056560363870032165,0.009480270569489644,0.008780724846662362,0.007983084319918739,0.0071509830604670884,0.006331353866630105,0.0055548155446462745,0.007983084319918739,0.00738428342439959,0.006720278972311564,0.0060348061885853515,0.0053608487701270365,0.006720278972311564,0.0062099248802436864,0.0056560363870032165,0.005089374540638875
0.01477641164010074,0.015142901905035836,0.01477641164010074,0.013800593217543473,0.016410422623210297,0.0174488602538505,0.0174488602538505,0.016410422623210297,0.01477641164010074,0.0174488602538505,0.01951379672071141,0.020440779508772062,0.019513796720711428,0.0174488602538505,0.015142901905035836,0.0174488602538505,0.020440779508772062,0.023204049718906994,0.023204049718906994,0.020440779508772062,0.0174488602538505,0.01477641164010074,0.01951379672071141,0.023204049718906994,0.0,0.023204049718906994,0.019513796720711428,0.016410422623210297,0.020440779508772062,0.023204049718906994,0.023204049718906994,0.020440779508772062,0.0174488602538505,0.01951379672071141,0.020440779508772062,0.019513796720711428,0.0174488602538505,0.01477641164010074,0.012968825738852953,0.011218137645246444,0.009621176223514714,0.013800593217543473,0.012475996369239795,0.011034390027941106,0.009621176223514714,0.008310600769714065,0.012475996369239795,0.011605817688493437,0.010518828322788845,0.009354584260690073,0.00820789368508037,0.007133178840122785,0.011034390027941106,0.010518828322788845,0.009760087997327601,0.00886180290340664,0.007913200397193886,0.00697797801789705,0.006095586678431856,0.009354584260690073,0.00886180290340664,0.00820789368508037,0.0074622891072405675,0.006684471923344103,0.005918313160635663,0.007913200397193886,0.0074622891072405675,0.006902552391333761,0.006281865825664847,0.0056411114652797295,0.006684471923344103,0.006281865825664847,0.005804805878725373,0.005287051599289637
0.013370415775640474,0.014315817022199548,0.014670883441639963,0.014315817022199548,0.014315817022199548,0.015898894349510747,0.016904962904671157,0.016904962904671157,0.015898894349510747,0.014670883441639963,0.016904962904671157,0.01890553336399864,0.019803621228618652,0.01890553336399864,0.016904962904671157,0.014315817022199548,0.016904962904671157,0.019803621228618652,0.022480757713083624,0.022480757713083624,0.019803621228618652,0.016904962904671157,0.015898894349510747,0.01890553336399862,0.022480757713083624,0.0,0.022480757713083624,0.01890553336399862,0.016904962904671157,0.019803621228618652,0.022480757713083624,0.022480757713083624,0.019803621228618652,0.016904962904671157,0.01890553336399862,0.019803621228618652,0.01890553336399864,0.015898894349510747,0.014315817022199548,0.012564575269841696,0.010868457767064596,0.014315817022199548,0.013370415775640474,0.012087107854180296,0.010690437735430554,0.009321275131533522,0.012564575269841696,0.012087107854180296,0.011244053459541157,0.010190946572462205,0.009062993090376163,0.007952045936132073,0.010868457767064596,0.010690437735430554,0.010190946572462205,0.009455856894993444,0.008585572190455113,0.007666538514587031,0.006760467894522178,0.009321275131533522,0.009062993090376163,0.008585572190455113,0.007952045936132073,0.007229682552704011,0.006476110660380335,0.007952045936132073,0.007666538514587031,0.007229682552704011,0.00668739335552284,0.006086054172595676,0.006760467894522178,0.006476110660380335,0.006086054172595676,0.005623864631904242
0.01213507296609835,0.013423473421589062,0.014372626291542727,0.014729101716408781,0.012614435109456871,0.014372626291542727,0.015961985723894727,0.016972046647736515,0.016972046647736515,0.012614435109456871,0.014729101716408781,0.016972046647736515,0.01898055594463699,0.01988220767957722,0.01898055594463699,0.01213507296609835,0.014372626291542727,0.016972046647736515,0.01988220767957722,0.02256996780971876,0.02256996780971876,0.01988220767957722,0.013423473421589062,0.015961985723894727,0.01898055594463699,0.02256996780971876,0.0,0.02256996780971876,0.014372626291542727,0.016972046647736515,0.01988220767957722,0.02256996780971876,0.02256996780971876,0.014729101716408781,0.016972046647736515,0.018980555944636972,0.01988220767957722,0.016972046647736515,0.015961985723894727,0.014372626291542727,0.012614435109456871,0.014729101716408781,0.014372626291542727,0.013423473421589062,0.01213507296609835,0.0107328604595941,0.012614435109456871,0.012614435109456871,0.01213507296609835,0.011288673089737718,0.010231387172380407,0.009098957647252529,0.0107328604595941,0.01091158692578999,0.0107328604595941,0.010231387172380407,0.009493380448164404,0.00861964220422216,0.007696961539045199,0.009358264625653768,0.009358264625653768,0.009098957647252529,0.00861964220422216,0.007983601935954822,0.007258372007365618,0.008083502411177635,0.007983601935954822,0.007696961539045199,0.007258372007365618,0.006713930851060018,0.006938255121534096,0.006787295370796167,0.006501809725563361,0.006110205381722757
0.011173463120391218,0.012633238898466423,0.013974530442124967,0.014962647694554226,0.011359526620070143,0.01313227969474737,0.014962647694554226,0.01661725310653054,0.01766877879480184,0.011173463120391218,0.01313227969474737,0.015333757057995747,0.01766877879480184,0.019759740905076855,0.020698407017966262,0.010651403479195114,0.012633238898466423,0.014962647694554226,0.01766877879480184,0.020698407017966262,0.023496504394118132,0.023496504394118132,0.011752092829417755,0.013974530442124967,0.01661725310653054,0.019759740905076855,0.023496504394118132,0.0,0.012633238898466423,0.014962647694554226,0.01766877879480184,0.020698407017966262,0.023496504394118132,0.01313227969474737,0.015333757057995747,0.01766877879480184,0.019759740905076855,0.01766877879480184,0.01766877879480184,0.01661725310653054,0.014962647694554226,0.014962647694554226,0.015333757057995747,0.014962647694554226,0.013974530442124967,0.012633238898466423,0.012633238898466423,0.01313227969474737,0.01313227969474737,0.012633238898466423,0.011752092829417755,0.010651403479195114,0.010651403479195114,0.011173463120391218,0.011359526620070143,0.011173463120391218,0.010651403479195114,0.009883100290434557,0.008973493566083903,0.009472485744906691,0.009742437727505736,0.009742437727505736,0.009472485744906691,0.008973493566083903,0.008311342734316022,0.008311342734316022,0.00841534429846697,0.008311342734316022,0.008012935248656313,0.0075563408509502624,0.00722308260805047,0.00722308260805047,0.007065925695978075,0.006768720366567645
0.014622953125230827,0.014067265130364787,0.013086098267970457,0.011860467292399304,0.017074324938604092,0.01666109014981794,0.015560809573987354,0.014067265130364787,0.012441787050981578,0.019674400035798966,0.019674400035798966,0.018503513395628064,0.01666109014981794,0.014622953125230827,0.012648971020358165,0.022002711771149482,0.023047927901789333,0.02200271177114946,0.019674400035798966,0.017074324938604092,0.014622953125230827,0.012441787050981578,0.026163643354275918,0.026163643354275918,0.023047927901789333,0.019674400035798966,0.01666109014981794,0.014067265130364787,0.0,0.026163643354275918,0.02200271177114946,0.018503513395628064,0.015560809573987354,0.026163643354275918,0.023047927901789333,0.019674400035798966,0.01666109014981794,0.014622953125230827,0.012441787050981578,0.010547728059933955,0.00892250083460206,0.014622953125230827,0.012648971020358165,0.010848322875104385,0.009254781198442107,0.00786799418230325,0.014067265130364787,0.012441787050981578,0.010848322875104385,0.009370588204756348,0.008042990314883324,0.006873056980205382,0.013086098267970457,0.011860467292399304,0.010547728059933955,0.009254781198442107,0.008042990314883324,0.006941902480588692,0.005961396140551969,0.011004952349346066,0.009992094201198754,0.00892250083460206,0.00786799418230325,0.006873056980205382,0.005961396140551969,0.009254781198442107,0.008414077420686413,0.007537052434064684,0.006673172858598873,0.005854710557630922,0.007782948286561751,0.007083095367106933,0.0063606150774205405,0.005650271847924007
0.013345839118249787,0.013345839118249787,0.012838682833475203,0.01194320741332364,0.01520597288180232,0.015583117290457249,0.01520597288180232,0.01420178669422344,0.012838682833475203,0.016887485775656817,0.017956111558123874,0.017956111558123874,0.016887485775656817,0.01520597288180232,0.013345839118249787,0.017956111558123874,0.02008107725903322,0.021035008124013623,0.020081077259033242,0.017956111558123874,0.015583117290457249,0.013345839118249787,0.021035008124013623,0.023878608647862964,0.023878608647862964,0.021035008124013623,0.017956111558123874,0.01520597288180232,0.023878608647862964,0.0,0.023878608647862964,0.020081077259033242,0.016887485775656817,0.023878608647862964,0.023878608647862964,0.021035008124013623,0.017956111558123874,0.015583117290457249,0.013345839118249787,0.011355167927019018,0.009626528960695513,0.01520597288180232,0.013345839118249787,0.011544257223791054,0.009900870949532412,0.008446503239889283,0.01420178669422344,0.012838682833475203,0.011355167927019018,0.009900870949532412,0.008552196095620954,0.007340545637588485,0.012838682833475203,0.01194320741332364,0.010824618460857314,0.009626528960695513,0.008446503239889283,0.007340545637588485,0.006335622694479051,0.010824618460857314,0.010043820991600096,0.009119422084004675,0.008143242999636495,0.007180833012393789,0.006272789902479894,0.009119422084004675,0.008446503239889283,0.007679223384175788,0.006878794478064938,0.006090362912089672,0.007679223384175788,0.007103214706945275,0.0064644843226314705,0.005805102757930674
0.012135072966098353,0.012614435109456874,0.012614435109456874,0.012135072966098353,0.013423473421589066,0.014372626291542729,0.014729101716408783,0.014372626291542729,0.013423473421589066,0.014372626291542729,0.015961985723894727,0.016972046647736518,0.016972046647736518,0.015961985723894727,0.014372626291542729,0.014729101716408783,0.016972046647736518,0.018980555944636993,0.019882207679577223,0.018980555944636993,0.016972046647736518,0.014729101716408783,0.016972046647736518,0.019882207679577223,0.022569967809718764,0.022569967809718764,0.019882207679577223,0.016972046647736518,0.018980555944636976,0.022569967809718764,0.0,0.022569967809718764,0.018980555944636976,0.019882207679577223,0.022569967809718764,0.022569967809718764,0.019882207679577223,0.016972046647736518,0.014729101716408783,0.012614435109456874,0.010732860459594101,0.015961985723894727,0.014372626291542729,0.012614435109456874,0.010911586925789992,0.00935826462565377,0.014372626291542729,0.013423473421589066,0.012135072966098353,0.010732860459594101,0.00935826462565377,0.008083502411177636,0.012614435109456874,0.012135072966098353,0.01128867308973772,0.010231387172380408,0.00909895764725253,0.007983601935954824,0.006938255121534097,0.010732860459594101,0.010231387172380408,0.009493380448164406,0.008619642204222162,0.0076969615390452,0.006787295370796168,0.00909895764725253,0.008619642204222162,0.007983601935954824,0.0072583720073656184,0.006501809725563362,0.0076969615390452,0.0072583720073656184,0.00671393085106002,0.006110205381722758
0.011040249911841478,0.011868023564784617,0.012336836667873335,0.012336836667873335,0.011868023564784617,0.013128070950520218,0.014056336372463932,0.014404967052674598,0.014056336372463932,0.012336836667873335,0.014056336372463932,0.015610719708168824,0.016598552816343093,0.016598552816343093,0.015610719708168824,0.012336836667873335,0.014404967052674598,0.016598552816343093,0.018562862032472007,0.01944467164889495,0.018562862032472007,0.016598552816343093,0.014056336372463932,0.016598552816343093,0.01944467164889495,0.022073283825362503,0.022073283825362503,0.01944467164889495,0.015610719708168824,0.018562862032472007,0.022073283825362503,0.0,0.022073283825362503,0.016598552816343093,0.01944467164889495,0.022073283825362503,0.022073283825362503,0.018562862032472007,0.016598552816343093,0.014404967052674598,0.012336836667873335,0.016598552816343093,0.015610719708168824,0.014056336372463932,0.012336836667873335,0.010671462060941167,0.014404967052674598,0.014056336372463932,0.013128070950520218,0.011868023564784617,0.010496668722789076,0.009152322809514871,0.012336836667873335,0.012336836667873335,0.011868023564784617,0.011040249911841478,0.010006231062761094,0.008898722247015043,0.0078079115117373424,0.010671462060941167,0.010496668722789076,0.010006231062761094,0.009284465217723813,0.008429954816547867,0.007527579041166595,0.009152322809514871,0.008898722247015043,0.008429954816547867,0.0078079115117373424,0.007098641290913027,0.0078079115117373424,0.007527579041166595,0.007098641290913027,0.0065661813303734655
0.01013914479399415,0.01118689861506694,0.012025667665191996,0.01250070805789572,0.010636096984710327,0.012025667665191996,0.013302452381748577,0.014243048042723479,0.014596309617847372,0.010813212119613136,0.01250070805789572,0.014243048042723479,0.015818078402029884,0.01681903299255045,0.01681903299255045,0.010636096984710327,0.01250070805789572,0.014596309617847372,0.01681903299255045,0.018809434317243863,0.019702957095757603,0.01880943431724388,0.012025667665191996,0.014243048042723479,0.01681903299255045,0.019702957095757603,0.02236648538101253,0.02236648538101253,0.013302452381748577,0.015818078402029884,0.018809434317243863,0.02236648538101253,0.0,0.014243048042723479,0.01681903299255045,0.019702957095757603,0.02236648538101253,0.019702957095757603,0.01880943431724388,0.01681903299255045,0.014596309617847372,0.01681903299255045,0.01681903299255045,0.015818078402029884,0.014243048042723479,0.01250070805789572,0.014243048042723479,0.014596309617847372,0.014243048042723479,0.013302452381748577,0.012025667665191996,0.010636096984710327,0.012025667665191996,0.01250070805789572,0.01250070805789572,0.012025667665191996,0.01118689861506694,0.01013914479399415,0.009016924831948256,0.010636096984710327,0.010813212119613136,0.010636096984710327,0.01013914479399415,0.009407791663700435,0.008541930718539908,0.00927389399515231,0.00927389399515231,0.009016924831948256,0.008541930718539908,0.00791162475258231,0.00801062456230579,0.00791162475258231,0.00762756859879701,0.007192933227081842
0.012312237251197702,0.012110568816547656,0.011544724624561258,0.010711984717586744,0.014233669118319065,0.014233669118319065,0.0136927743356983,0.012737727543878693,0.011544724624561258,0.016217548009082476,0.016619781894494576,0.016217548009082476,0.015146558481894282,0.0136927743356983,0.012110568816547656,0.018010923302853504,0.019150639259577523,0.019150639259577523,0.018010923302853504,0.016217548009082476,0.014233669118319065,0.012312237251197702,0.02141696799368918,0.022434358970275695,0.02141696799368916,0.019150639259577523,0.016619781894494576,0.014233669118319065,0.025467129604068432,0.025467129604068432,0.022434358970275695,0.019150639259577523,0.016217548009082476,0.0,0.025467129604068432,0.02141696799368918,0.018010923302853504,0.016217548009082476,0.0136927743356983,0.011544724624561258,0.00972609030754126,0.016619781894494576,0.014233669118319065,0.012110568816547656,0.010266932395212718,0.00868497105201838,0.016217548009082476,0.014233669118319065,0.012312237251197702,0.010559524944828145,0.009008405635505718,0.007658536880798218,0.015146558481894282,0.0136927743356983,0.012110568816547656,0.010559524944828145,0.009121129693043444,0.007828874365080549,0.0066900863354885706,0.012737727543878693,0.011544724624561258,0.010266932395212718,0.009008405635505718,0.007828874365080549,0.006757099069807629,0.010711984717586744,0.00972609030754126,0.00868497105201838,0.007658536880798218,0.0066900863354885706,0.009008405635505718,0.008190082599343588,0.0073364052770431495,0.006495523416180302
0.011173463120391218,0.011359526620070143,0.011173463120391218,0.010651403479195114,0.012633238898466423,0.01313227969474737,0.01313227969474737,0.012633238898466423,0.011752092829417755,0.013974530442124967,0.014962647694554226,0.015333757057995747,0.014962647694554226,0.013974530442124967,0.012633238898466423,0.014962647694554226,0.01661725310653054,0.01766877879480184,0.01766877879480184,0.01661725310653054,0.014962647694554226,0.01313227969474737,0.01766877879480184,0.019759740905076876,0.020698407017966262,0.019759740905076855,0.01766877879480184,0.015333757057995747,0.020698407017966262,0.023496504394118132,0.023496504394118132,0.020698407017966262,0.01766877879480184,0.023496504394118132,0.0,0.023496504394118132,0.019759740905076855,0.01766877879480184,0.014962647694554226,0.012633238898466423,0.010651403479195114,0.01766877879480184,0.015333757057995747,0.01313227969474737,0.011173463120391218,0.009472485744906691,0.01661725310653054,0.014962647694554226,0.01313227969474737,0.011359526620070143,0.009742437727505736,0.008311342734316022,0.014962647694554226,0.013974530442124967,0.012633238898466423,0.011173463120391218,0.009742437727505736,0.00841534429846697,0.00722308260805047,0.012633238898466423,0.011752092829417755,0.010651403479195114,0.009472485744906691,0.008311342734316022,0.00722308260805047,0.010651403479195114,0.009883100290434557,0.008973493566083903,0.008012935248656313,0.007065925695978075,0.008973493566083903,0.008311342734316022,0.0075563408509502624,0.006768720366567645
0.010139144793994151,0.010636096984710328,0.01081321211961314,0.010636096984710328,0.011186898615066942,0.012025667665191999,0.012500708057895722,0.012500708057895722,0.012025667665191999,0.012025667665191999,0.013302452381748578,0.014243048042723482,0.014596309617847376,0.014243048042723482,0.013302452381748578,0.012500708057895722,0.014243048042723482,0.015818078402029888,0.016819032992550453,0.016819032992550453,0.015818078402029888,0.014243048042723482,0.014596309617847376,0.016819032992550453,0.018809434317243884,0.019702957095757607,0.018809434317243866,0.016819032992550453,0.016819032992550453,0.019702957095757607,0.022366485381012532,0.022366485381012532,0.019702957095757607,0.018809434317243884,0.022366485381012532,0.0,0.022366485381012532,0.019702957095757607,0.016819032992550453,0.014243048042723482,0.012025667665191999,0.018809434317243866,0.016819032992550453,0.014596309617847376,0.012500708057895722,0.010636096984710328,0.016819032992550453,0.015818078402029888,0.014243048042723482,0.012500708057895722,0.01081321211961314,0.009273893995152311,0.014596309617847376,0.014243048042723482,0.013302452381748578,0.012025667665191999,0.010636096984710328,0.009273893995152311,0.008010624562305791,0.012500708057895722,0.012025667665191999,0.011186898615066942,0.01013914479399414,0.009016924831948258,0.007911624752582311,0.010636096984710328,0.010139144793994151,0.009407791663700437,0.00854193071853991,0.0076275685987970115,0.009016924831948258,0.00854193071853991,0.007911624752582311,0.007192933227081843
0.009245957202237136,0.009964729469326018,0.010453133002394102,0.010627201372073082,0.009964729469326018,0.01099445964771615,0.011818800047380883,0.012285668712980662,0.012285668712980662,0.010453133002394102,0.011818800047380883,0.013073621292126563,0.013998036663646723,0.014345221371976634,0.013998036663646723,0.010627201372073082,0.012285668712980662,0.013998036663646723,0.015545973077944739,0.01652970907425141,0.01652970907425141,0.015545973077944739,0.012285668712980662,0.014345221371976634,0.01652970907425141,0.0184858711706549,0.019364023415590178,0.018485871170654884,0.013998036663646723,0.01652970907425141,0.019364023415590178,0.021981733226005818,0.021981733226005818,0.015545973077944739,0.018485871170654884,0.021981733226005818,0.0,0.021981733226005818,0.019364023415590178,0.01652970907425141,0.013998036663646723,0.019364023415590178,0.018485871170654884,0.01652970907425141,0.014345221371976634,0.012285668712980662,0.01652970907425141,0.01652970907425141,0.015545973077944739,0.013998036663646723,0.012285668712980662,0.010627201372073082,0.013998036663646723,0.014345221371976634,0.013998036663646723,0.013073621292126563,0.011818800047380883,0.010453133002394102,0.009114362864572099,0.012285668712980662,0.012285668712980662,0.011818800047380883,0.01099445964771615,0.009964729469326007,0.008861814129416029,0.010627201372073082,0.010453133002394102,0.009964729469326018,0.009245957202237136,0.008394990947007172,0.009114362864572099,0.008861814129416029,0.008394990947007172,0.007775527613433903
0.007775527613433903,0.008394990947007172,0.008861814129416029,0.009114362864572099,0.008394990947007172,0.009245957202237136,0.009964729469326018,0.010453133002394102,0.010627201372073082,0.008861814129416029,0.009964729469326018,0.01099445964771615,0.011818800047380883,0.012285668712980662,0.012285668712980662,0.009114362864572099,0.010453133002394102,0.011818800047380883,0.013073621292126563,0.013998036663646723,0.014345221371976634,0.013998036663646723,0.010627201372073082,0.012285668712980662,0.013998036663646723,0.015545973077944739,0.01652970907425141,0.01652970907425141,0.012285668712980662,0.014345221371976634,0.01652970907425141,0.0184858711706549,0.019364023415590178,0.013998036663646723,0.01652970907425141,0.019364023415590178,0.021981733226005818,0.0,0.021981733226005818,0.0184858711706549,0.015545973077944739,0.021981733226005818,0.021981733226005818,0.019364023415590178,0.01652970907425141,0.013998036663646723,0.018485871170654884,0.019364023415590178,0.0184858711706549,0.01652970907425141,0.014345221371976634,0.012285668712980662,0.015545973077944739,0.01652970907425141,0.01652970907425141,0.015545973077944739,0.013998036663646723,0.012285668712980662,0.010627201372073082,0.013998036663646723,0.014345221371976634,0.013998036663646723,0.013073621292126563,0.011818800047380883,0.010453133002394102,0.012285668712980662,0.012285668712980662,0.011818800047380883,0.01099445964771615,0.009964729469326018,0.010627201372073082,0.010453133002394102,0.009964729469326018,0.009245957202237136
0.007192933227081841,0.007911624752582308,0.008541930718539906,0.009016924831948254,0.007627568598797008,0.008541930718539906,0.009407791663700434,0.010139144793994147,0.010636096984710325,0.007911624752582308,0.009016924831948254,0.010139144793994147,0.011186898615066937,0.012025667665191994,0.012500708057895717,0.008010624562305788,0.009273893995152306,0.010636096984710325,0.012025667665191994,0.013302452381748573,0.014243048042723477,0.01459630961784737,0.009273893995152306,0.010813212119613134,0.012500708057895717,0.014243048042723477,0.01581807840202988,0.01681903299255045,0.010636096984710325,0.012500708057895717,0.01459630961784737,0.01681903299255045,0.018809434317243877,0.012025667665191994,0.014243048042723477,0.01681903299255045,0.0197029570957576,0.022366485381012526,0.0,0.022366485381012526,0.018809434317243877,0.0197029570957576,0.022366485381012526,0.022366485381012526,0.0197029570957576,0.01681903299255045,0.01681903299255045,0.01880943431724386,0.0197029570957576,0.018809434317243877,0.01681903299255045,0.01459630961784737,0.014243048042723477,0.01581807840202988,0.01681903299255045,0.01681903299255045,0.01581807840202988,0.014243048042723477,0.012500708057895717,0.013302452381748573,0.014243048042723477,0.01459630961784737,0.014243048042723477,0.013302452381748573,0.012025667665191994,0.012025667665191994,0.012500708057895717,0.012500708057895717,0.012025667665191994,0.011186898615066937,0.010636096984710325,0.010813212119613134,0.010636096984710325,0.010139144793994147
0.006768720366567644,0.007556340850950261,0.00831134273431602,0.008973493566083901,0.0070659256959780745,0.008012935248656311,0.008973493566083901,0.009883100290434555,0.010651403479195113,0.007223082608050468,0.00831134273431602,0.00947248574490669,0.010651403479195113,0.011752092829417754,0.01263323889846642,0.007223082608050468,0.008415344298466968,0.009742437727505734,0.011173463120391216,0.01263323889846642,0.013974530442124964,0.014962647694554222,0.00831134273431602,0.009742437727505734,0.011359526620070141,0.013132279694747367,0.014962647694554222,0.016617253106530536,0.00947248574490669,0.011173463120391216,0.013132279694747367,0.015333757057995744,0.017668778794801835,0.010651403479195113,0.01263323889846642,0.014962647694554222,0.017668778794801835,0.019759740905076872,0.02349650439411813,0.0,0.02349650439411813,0.017668778794801835,0.02069840701796626,0.02349650439411813,0.02349650439411813,0.02069840701796626,0.015333757057995744,0.017668778794801835,0.01975974090507685,0.02069840701796626,0.019759740905076872,0.017668778794801835,0.013132279694747367,0.014962647694554222,0.016617253106530536,0.017668778794801835,0.017668778794801835,0.016617253106530536,0.014962647694554222,0.01263323889846642,0.013974530442124964,0.014962647694554222,0.015333757057995744,0.014962647694554222,0.013974530442124964,0.011752092829417754,0.01263323889846642,0.013132279694747367,0.013132279694747367,0.01263323889846642,0.010651403479195113,0.011173463120391216,0.011359526620070141,0.011173463120391216
0.006495523416180302,0.0073364052770431495,0.008190082599343588,0.009008405635505718,0.0066900863354885706,0.007658536880798218,0.00868497105201838,0.00972609030754126,0.010711984717586744,0.006757099069807629,0.007828874365080549,0.009008405635505718,0.010266932395212718,0.011544724624561258,0.012737727543878693,0.0066900863354885706,0.007828874365080549,0.009121129693043444,0.010559524944828145,0.012110568816547656,0.0136927743356983,0.015146558481894282,0.007658536880798218,0.009008405635505718,0.010559524944828145,0.012312237251197702,0.014233669118319065,0.016217548009082476,0.00868497105201838,0.010266932395212718,0.012110568816547656,0.014233669118319065,0.016619781894494576,0.00972609030754126,0.011544724624561258,0.0136927743356983,0.016217548009082476,0.018010923302853504,0.02141696799368918,0.025467129604068432,0.0,0.016217548009082476,0.019150639259577523,0.022434358970275695,0.025467129604068432,0.025467129604068432,0.014233669118319065,0.016619781894494576,0.019150639259577523,0.02141696799368916,0.022434358970275695,0.02141696799368916,0.012312237251197702,0.014233669118319065,0.016217548009082476,0.018010923302853504,0.019150639259577523,0.019150639259577523,0.018010923302853504,0.012110568816547656,0.0136927743356983,0.015146558481894282,0.016217548009082476,0.016619781894494576,0.016217548009082476,0.011544724624561258,0.012737727543878693,0.0136927743356983,0.014233669118319065,0.014233669118319065,0.010711984717586744,0.011544724624561258,0.012110568816547656,0.012312237251197702
0.007192933227081841,0.007627568598797008,0.007911624752582308,0.008010624562305788,0.007911624752582308,0.008541930718539906,0.009016924831948254,0.009273893995152306,0.009273893995152306,0.008541930718539906,0.009407791663700434,0.010139144793994147,0.010636096984710325,0.010813212119613134,0.010636096984710325,0.009016924831948254,0.010139144793994147,0.011186898615066937,0.012025667665191994,0.012500708057895717,0.012500708057895717,0.012025667665191994,0.010636096984710325,0.012025667665191994,0.013302452381748573,0.014243048042723477,0.01459630961784737,0.014243048042723477,0.012500708057895717,0.014243048042723477,0.01581807840202988,0.01681903299255045,0.01681903299255045,0.01459630961784737,0.01681903299255045,0.01880943431724386,0.0197029570957576,0.022366485381012526,0.0197029570957576,0.01681903299255045,0.014243048042723477,0.0,0.022366485381012526,0.018809434317243877,0.01581807840202988,0.013302452381748573,0.022366485381012526,0.022366485381012526,0.0197029570957576,0.01681903299255045,0.014243048042723477,0.012025667665191994,0.01880943431724386,0.0197029570957576,0.018809434317243877,0.01681903299255045,0.01459630961784737,0.012500708057895717,0.010636096984710325,0.01681903299255045,0.01681903299255045,0.01581807840202988,0.014243048042723477,0.012500708057895717,0.010813212119613134,0.01459630961784737,0.014243048042723477,0.013302452381748573,0.012025667665191994,0.010636096984710325,0.012500708057895717,0.012025667665191994,0.011186898615066937,0.010139144793994147
0.006566181330373463,0.007098641290913025,0.007527579041166592,0.00780791151173734,0.007098641290913025,0.00780791151173734,0.008429954816547866,0.00889872224701504,0.009152322809514868,0.007527579041166592,0.008429954816547866,0.00928446521772381,0.01000623106276109,0.010496668722789072,0.010671462060941161,0.00780791151173734,0.00889872224701504,0.01000623106276109,0.011040249911841472,0.011868023564784612,0.012336836667873332,0.012336836667873332,0.009152322809514868,0.010496668722789072,0.011868023564784612,0.013128070950520213,0.014056336372463927,0.014404967052674593,0.010671462060941161,0.012336836667873332,0.014056336372463927,0.015610719708168819,0.016598552816343086,0.012336836667873332,0.014404967052674593,0.016598552816343086,0.018562862032471983,0.022073283825362493,0.022073283825362493,0.019444671648894938,0.016598552816343086,0.022073283825362493,0.0,0.022073283825362493,0.018562862032472,0.015610719708168819,0.019444671648894938,0.022073283825362493,0.022073283825362493,0.019444671648894938,0.016598552816343086,0.014056336372463927,0.016598552816343086,0.018562862032471983,0.019444671648894938,0.018562862032472,0.016598552816343086,0.014404967052674593,0.012336836667873332,0.015610719708168819,0.016598552816343086,0.016598552816343086,0.015610719708168819,0.014056336372463927,0.012336836667873332,0.014056336372463927,0.014404967052674593,0.014056336372463927,0.013128070950520213,0.011868023564784612,0.012336836667873332,0.012336836667873332,0.011868023564784612,0.011040249911841472
0.006110205381722756,0.0067139308510600175,0.007258372007365616,0.007696961539045197,0.006501809725563359,0.007258372007365616,0.007983601935954822,0.008619642204222159,0.009098957647252527,0.006787295370796165,0.007696961539045197,0.008619642204222159,0.009493380448164402,0.010231387172380405,0.010732860459594097,0.006938255121534094,0.007983601935954822,0.009098957647252527,0.010231387172380405,0.011288673089737716,0.012135072966098347,0.01261443510945687,0.008083502411177633,0.009358264625653766,0.010732860459594097,0.012135072966098347,0.01342347342158906,0.014372626291542723,0.009358264625653766,0.010911586925789987,0.01261443510945687,0.014372626291542723,0.015961985723894723,0.010732860459594097,0.01261443510945687,0.014729101716408777,0.01697204664773651,0.019882207679577216,0.022569967809718754,0.022569967809718754,0.019882207679577216,0.018980555944636986,0.022569967809718754,0.0,0.022569967809718754,0.01898055594463697,0.01697204664773651,0.019882207679577216,0.022569967809718754,0.022569967809718754,0.019882207679577216,0.01697204664773651,0.014729101716408777,0.01697204664773651,0.01898055594463697,0.019882207679577216,0.018980555944636986,0.01697204664773651,0.014729101716408777,0.014372626291542723,0.015961985723894723,0.01697204664773651,0.01697204664773651,0.015961985723894723,0.014372626291542723,0.01342347342158906,0.014372626291542723,0.014729101716408777,0.014372626291542723,0.01342347342158906,0.012135072966098347,0.01261443510945687,0.01261443510945687,0.012135072966098347
0.005805102757930671,0.006464484322631466,0.007103214706945271,0.007679223384175784,0.006090362912089669,0.006878794478064934,0.007679223384175784,0.00844650323988928,0.009119422084004668,0.006272789902479889,0.007180833012393785,0.00814324299963649,0.009119422084004668,0.01004382099160009,0.010824618460857307,0.006335622694479047,0.00734054563758848,0.00844650323988928,0.009626528960695506,0.010824618460857307,0.011943207413323633,0.012838682833475194,0.00734054563758848,0.008552196095620948,0.009900870949532407,0.011355167927019011,0.012838682833475194,0.014201786694223433,0.00844650323988928,0.009900870949532407,0.011544257223791045,0.013345839118249778,0.01520597288180231,0.009626528960695506,0.011355167927019011,0.013345839118249778,0.01558311729045724,0.017956111558123863,0.02103500812401361,0.02387860864786295,0.02387860864786295,0.016887485775656807,0.020081077259033228,0.02387860864786295,0.0,0.02387860864786295,0.01520597288180231,0.017956111558123863,0.02103500812401361,0.02387860864786295,0.02387860864786295,0.02103500812401361,0.013345839118249778,0.01558311729045724,0.017956111558123863,0.02008107725903321,0.02103500812401361,0.02008107725903321,0.017956111558123863,0.013345839118249778,0.01520597288180231,0.016887485775656807,0.017956111558123863,0.017956111558123863,0.016887485775656807,0.012838682833475194,0.014201786694223433,0.01520597288180231,0.01558311729045724,0.01520597288180231,0.011943207413323633,0.012838682833475194,0.013345839118249778,0.013345839118249778
0.005650271847924007,0.0063606150774205405,0.007083095367106933,0.007782948286561751,0.005854710557630922,0.006673172858598873,0.007537052434064684,0.008414077420686413,0.009254781198442107,0.005961396140551969,0.006873056980205382,0.00786799418230325,0.00892250083460206,0.009992094201198754,0.011004952349346066,0.005961396140551969,0.006941902480588692,0.008042990314883324,0.009254781198442107,0.010547728059933955,0.011860467292399304,0.013086098267970457,0.006873056980205382,0.008042990314883324,0.009370588204756348,0.010848322875104385,0.012441787050981578,0.014067265130364787,0.00786799418230325,0.009254781198442107,0.010848322875104385,0.012648971020358165,0.014622953125230827,0.00892250083460206,0.010547728059933955,0.012441787050981578,0.014622953125230827,0.01666109014981794,0.019674400035798966,0.023047927901789333,0.026163643354275918,0.015560809573987354,0.018503513395628064,0.02200271177114946,0.026163643354275918,0.0,0.014067265130364787,0.01666109014981794,0.019674400035798966,0.023047927901789333,0.026163643354275918,0.026163643354275918,0.012441787050981578,0.014622953125230827,0.017074324938604092,0.019674400035798966,0.02200271177114946,0.023047927901789333,0.022002711771149482,0.012648971020358165,0.014622953125230827,0.01666109014981794,0.018503513395628064,0.019674400035798966,0.019674400035798966,0.012441787050981578,0.014067265130364787,0.015560809573987354,0.01666109014981794,0.017074324938604092,0.011860467292399292,0.013086098267970457,0.014067265130364787,0.014622953125230827
0.006768720366567645,0.007065925695978075,0.00722308260805047,0.00722308260805047,0.0075563408509502624,0.008012935248656313,0.008311342734316022,0.00841534429846697,0.008311342734316022,0.008311342734316022,0.008973493566083903,0.009472485744906691,0.009742437727505736,0.009742437727505736,0.009472485744906691,0.008973493566083903,0.009883100290434557,0.010651403479195114,0.011173463120391218,0.011359526620070143,0.011173463120391218,0.010651403479195114,0.010651403479195114,0.011752092829417755,0.012633238898466423,0.01313227969474737,0.01313227969474737,0.012633238898466423,0.012633238898466423,0.013974530442124967,0.014962647694554226,0.015333757057995747,0.014962647694554226,0.014962647694554226,0.01661725310653054,0.01766877879480184,0.01766877879480184,0.019759740905076855,0.01766877879480184,0.015333757057995747,0.01313227969474737,0.023496504394118132,0.020698407017966262,0.01766877879480184,0.014962647694554226,0.012633238898466423,0.0,0.023496504394118132,0.019759740905076876,0.01661725310653054,0.013974530442124967,0.011752092829417755,0.023496504394118132,0.023496504394118132,0.020698407017966262,0.01766877879480184,0.014962647694554226,0.012633238898466423,0.010651403479195114,0.020698407017966262,0.019759740905076855,0.01766877879480184,0.015333757057995747,0.01313227969474737,0.011173463120391218,0.01766877879480184,0.01661725310653054,0.014962647694554226,0.01313227969474737,0.011359526620070143,0.014962647694554226,0.013974530442124967,0.012633238898466423,0.011173463120391218
0.006110205381722755,0.006501809725563358,0.006787295370796164,0.006938255121534093,0.006713930851060016,0.007258372007365615,0.007696961539045196,0.00798360193595482,0.008083502411177631,0.007258372007365615,0.00798360193595482,0.008619642204222157,0.009098957647252525,0.009358264625653765,0.009358264625653765,0.007696961539045196,0.008619642204222157,0.0094933804481644,0.010231387172380403,0.010732860459594094,0.010911586925789985,0.010732860459594094,0.009098957647252525,0.010231387172380403,0.011288673089737713,0.012135072966098346,0.012614435109456867,0.012614435109456867,0.010732860459594094,0.012135072966098346,0.013423473421589057,0.01437262629154272,0.014729101716408774,0.012614435109456867,0.01437262629154272,0.01596198572389472,0.016972046647736508,0.01988220767957721,0.018980555944636966,0.016972046647736508,0.014729101716408774,0.02256996780971875,0.02256996780971875,0.01988220767957721,0.016972046647736508,0.01437262629154272,0.02256996780971875,0.0,0.02256996780971875,0.018980555944636983,0.01596198572389472,0.013423473421589057,0.01988220767957721,0.02256996780971875,0.02256996780971875,0.01988220767957721,0.016972046647736508,0.01437262629154272,0.012135072966098346,0.018980555944636983,0.01988220767957721,0.018980555944636966,0.016972046647736508,0.014729101716408774,0.012614435109456867,0.016972046647736508,0.016972046647736508,0.01596198572389472,0.01437262629154272,0.012614435109456867,0.014729101716408774,0.01437262629154272,0.013423473421589057,0.012135072966098346
0.005623864631904239,0.006086054172595673,0.006476110660380331,0.006760467894522173,0.006086054172595673,0.006687393355522837,0.007229682552704007,0.007666538514587026,0.007952045936132067,0.006476110660380331,0.007229682552704007,0.007952045936132067,0.008585572190455108,0.009062993090376158,0.009321275131533517,0.006760467894522173,0.007666538514587026,0.008585572190455108,0.009455856894993439,0.010190946572462199,0.010690437735430547,0.01086845776706459,0.007952045936132067,0.009062993090376158,0.010190946572462199,0.01124405345954115,0.012087107854180289,0.012564575269841687,0.009321275131533517,0.010690437735430547,0.012087107854180289,0.013370415775640465,0.014315817022199539,0.01086845776706459,0.012564575269841687,0.014315817022199539,0.01589889434951074,0.01890553336399863,0.019803621228618642,0.01890553336399861,0.016904962904671146,0.019803621228618642,0.022480757713083614,0.022480757713083614,0.019803621228618642,0.016904962904671146,0.01890553336399863,0.022480757713083614,0.0,0.022480757713083614,0.01890553336399861,0.01589889434951074,0.016904962904671146,0.019803621228618642,0.022480757713083614,0.022480757713083614,0.019803621228618642,0.016904962904671146,0.014315817022199539,0.016904962904671146,0.01890553336399863,0.019803621228618642,0.01890553336399861,0.016904962904671146,0.014670883441639955,0.01589889434951074,0.016904962904671146,0.016904962904671146,0.01589889434951074,0.014315817022199539,0.014315817022199539,0.014670883441639955,0.014315817022199539,0.013370415775640465
0.005287051599289635,0.005804805878725372,0.006281865825664844,0.006684471923344101,0.005641111465279728,0.006281865825664844,0.006902552391333758,0.007462289107240565,0.007913200397193882,0.005918313160635662,0.006684471923344101,0.007462289107240565,0.008207893685080368,0.008861802903406636,0.00935458426069007,0.006095586678431854,0.006977978017897048,0.007913200397193882,0.008861802903406636,0.009760087997327598,0.010518828322788842,0.011034390027941102,0.007133178840122782,0.008207893685080368,0.00935458426069007,0.010518828322788842,0.011605817688493432,0.01247599636923979,0.008310600769714063,0.00962117622351471,0.011034390027941102,0.01247599636923979,0.013800593217543466,0.00962117622351471,0.01121813764524644,0.012968825738852947,0.014776411640100734,0.017448860253850493,0.01951379672071142,0.02044077950877205,0.019513796720711404,0.017448860253850493,0.02044077950877205,0.023204049718906987,0.023204049718906987,0.02044077950877205,0.01641042262321029,0.01951379672071142,0.023204049718906987,0.0,0.023204049718906987,0.019513796720711404,0.014776411640100734,0.017448860253850493,0.02044077950877205,0.023204049718906987,0.023204049718906987,0.02044077950877205,0.017448860253850493,0.01514290190503583,0.017448860253850493,0.01951379672071142,0.02044077950877205,0.019513796720711404,0.017448860253850493,0.014776411640100734,0.01641042262321029,0.017448860253850493,0.017448860253850493,0.01641042262321029,0.013800593217543466,0.014776411640100734,0.01514290190503583,0.014776411640100734
0.005089374540638872,0.005656036387003213,0.006209924880243683,0.00672027897231156,0.005360848770127033,0.006034806188585348,0.00672027897231156,0.007384283424399586,0.007983084319918735,0.005554815544646271,0.006331353866630101,0.007150983060467084,0.007983084319918735,0.008780724846662357,0.009480270569489637,0.005656036387003213,0.006520999352072695,0.007464973026220722,0.008465464833025356,0.009480270569489637,0.01044124722759568,0.011252940249406183,0.006586318389101727,0.0076310053565878996,0.008780724846662357,0.010007443273460677,0.011252940249406183,0.012415790902412247,0.0076310053565878996,0.008890599887028759,0.010292640762817766,0.011804483147999872,0.013346699593024825,0.008780724846662357,0.010292640762817766,0.01200105456213999,0.013873923660119308,0.016199729200904837,0.01866662101818197,0.02087566996996154,0.021867347142187563,0.015807661479410713,0.01866662101818197,0.021867347142187563,0.024823466741577347,0.024823466741577347,0.014763740420302165,0.01755571053920659,0.02087566996996152,0.024823466741577347,0.0,0.024823466741577347,0.013346699593024825,0.015807661479410713,0.01866662101818197,0.021867347142187563,0.024823466741577347,0.024823466741577347,0.021867347142187563,0.013873923660119308,0.016199729200904837,0.01866662101818197,0.02087566996996154,0.021867347142187563,0.02087566996996152,0.013873923660119308,0.015807661479410713,0.01755571053920659,0.01866662101818197,0.01866662101818197,0.013346699593024825,0.014763740420302165,0.015807661479410713,0.016199729200904837
0.0050320987477595865,0.005649104062406977,0.006278087390858571,0.006892892552534182,0.00523992017637844,0.005950435033510525,0.00669851430338958,0.007459375398657109,0.008196407074709765,0.005371044578184473,0.006165734278075664,0.00702767630146286,0.007937448331719181,0.00886106410563552,0.009746429154717209,0.005415886303504687,0.006278087390858571,0.007238179001485488,0.008285970920679836,0.009396496837979582,0.010522910931231725,0.011589575822926582,0.006278087390858571,0.007310681827616044,0.008470263490322467,0.009746429154717209,0.011108062100557738,0.01249053886078575,0.007238179001485488,0.008470263490322467,0.009868388254393345,0.011424625615946635,0.013102740459264729,0.008285970920679836,0.009746429154717209,0.011424625615946635,0.01332093080177244,0.015399778083549297,0.017981375767882994,0.020719576400440375,0.023171576603590528,0.014814569902182417,0.017546188429921214,0.020719576400440375,0.02427231845261058,0.027553552149311045,0.013781279853694586,0.016387456910212306,0.019486487963022582,0.023171576603590528,0.027553552149311045,0.0,0.01249053886078575,0.014814569902182417,0.017546188429921214,0.020719576400440375,0.02427231845261058,0.027553552149311045,0.027553552149311045,0.013102740459264729,0.015399778083549297,0.017981375767882994,0.020719576400440375,0.023171576603590552,0.02427231845261058,0.01332093080177244,0.015399778083549297,0.017546188429921214,0.019486487963022582,0.020719576400440375,0.013102740459264729,0.014814569902182417,0.016387456910212306,0.017546188429921214
0.0064955234161803,0.006690086335488569,0.0067570990698076275,0.006690086335488569,0.007336405277043148,0.007658536880798216,0.007828874365080547,0.007828874365080547,0.007658536880798216,0.008190082599343586,0.008684971052018379,0.009008405635505716,0.009121129693043442,0.009008405635505716,0.008684971052018379,0.009008405635505716,0.009726090307541258,0.010266932395212714,0.010559524944828142,0.010559524944828142,0.010266932395212714,0.009726090307541258,0.010711984717586743,0.011544724624561254,0.012110568816547653,0.0123122372511977,0.012110568816547653,0.011544724624561254,0.012737727543878691,0.013692774335698299,0.014233669118319062,0.014233669118319062,0.013692774335698299,0.015146558481894279,0.016217548009082473,0.016619781894494572,0.016217548009082473,0.0180109233028535,0.016217548009082473,0.014233669118319062,0.0123122372511977,0.021416967993689157,0.01915063925957752,0.016619781894494572,0.014233669118319062,0.012110568816547653,0.02546712960406843,0.02243435897027569,0.01915063925957752,0.016217548009082473,0.013692774335698299,0.011544724624561254,0.0,0.02546712960406843,0.021416967993689178,0.0180109233028535,0.015146558481894279,0.012737727543878691,0.010711984717586743,0.02546712960406843,0.02243435897027569,0.01915063925957752,0.016217548009082473,0.013692774335698299,0.011544724624561254,0.021416967993689157,0.01915063925957752,0.016619781894494572,0.014233669118319062,0.012110568816547653,0.0180109233028535,0.016217548009082473,0.014233669118319062,0.0123122372511977
0.005805102757930671,0.006090362912089669,0.006272789902479889,0.006335622694479047,0.006464484322631466,0.006878794478064934,0.007180833012393785,0.00734054563758848,0.00734054563758848,0.007103214706945271,0.007679223384175784,0.00814324299963649,0.00844650323988928,0.008552196095620948,0.00844650323988928,0.007679223384175784,0.00844650323988928,0.009119422084004668,0.009626528960695506,0.009900870949532407,0.009900870949532407,0.009626528960695506,0.009119422084004668,0.01004382099160009,0.010824618460857307,0.011355167927019011,0.011544257223791045,0.011355167927019011,0.010824618460857307,0.011943207413323633,0.012838682833475194,0.013345839118249778,0.013345839118249778,0.012838682833475194,0.014201786694223433,0.01520597288180231,0.01558311729045724,0.017956111558123863,0.016887485775656807,0.01520597288180231,0.013345839118249778,0.02103500812401361,0.02008107725903321,0.017956111558123863,0.01558311729045724,0.013345839118249778,0.02387860864786295,0.02387860864786295,0.02103500812401361,0.017956111558123863,0.01520597288180231,0.012838682833475194,0.02387860864786295,0.0,0.02387860864786295,0.020081077259033228,0.016887485775656807,0.014201786694223433,0.011943207413323633,0.02387860864786295,0.02387860864786295,0.02103500812401361,0.017956111558123863,0.01520597288180231,0.012838682833475194,0.02103500812401361,0.02008107725903321,0.017956111558123863,0.01558311729045724,0.013345839118249778,0.017956111558123863,0.016887485775656807,0.01520597288180231,0.013345839118249778
0.005287051599289634,0.005641111465279727,0.00591831316063566,0.006095586678431852,0.00580480587872537,0.006281865825664843,0.0066844719233441,0.006977978017897046,0.007133178840122781,0.006281865825664843,0.006902552391333756,0.007462289107240563,0.00791320039719388,0.008207893685080367,0.008310600769714061,0.0066844719233441,0.007462289107240563,0.008207893685080367,0.008861802903406634,0.009354584260690068,0.009621176223514709,0.009621176223514709,0.00791320039719388,0.008861802903406634,0.009760087997327596,0.010518828322788838,0.011034390027941099,0.011218137645246437,0.009354584260690068,0.010518828322788838,0.01160581768849343,0.012475996369239788,0.012968825738852946,0.011034390027941099,0.012475996369239788,0.013800593217543464,0.01477641164010073,0.01744886025385049,0.01744886025385049,0.016410422623210286,0.01477641164010073,0.019513796720711418,0.020440779508772048,0.0195137967207114,0.01744886025385049,0.015142901905035826,0.020440779508772048,0.02320404971890698,0.02320404971890698,0.020440779508772048,0.01744886025385049,0.01477641164010073,0.019513796720711418,0.02320404971890698,0.0,0.02320404971890698,0.0195137967207114,0.016410422623210286,0.013800593217543464,0.020440779508772048,0.02320404971890698,0.02320404971890698,0.020440779508772048,0.01744886025385049,0.01477641164010073,0.019513796720711418,0.020440779508772048,0.0195137967207114,0.01744886025385049,0.015142901905035826,0.01744886025385049,0.01744886025385049,0.016410422623210286,0.01477641164010073
0.004919787809815773,0.0053283682395048205,0.005685194971643848,0.005964562910793506,0.0053283682395048205,0.005850168605285958,0.006330956625201193,0.00673670896251399,0.007032508714596444,0.005685194971643848,0.006330956625201193,0.006956493660557898,0.007520604542305919,0.007975039561730398,0.00827203578468774,0.005964562910793506,0.00673670896251399,0.007520604542305919,0.00827203578468774,0.008931055097250768,0.00942768738537179,0.009696362680277732,0.007032508714596444,0.007975039561730398,0.008931055097250768,0.00983636000577713,0.010601029647503802,0.011120620304725184,0.00827203578468774,0.00942768738537179,0.010601029647503802,0.01169651349216271,0.012573492344762915,0.009696362680277732,0.011120620304725184,0.012573492344762915,0.013908440499533674,0.016538664898620162,0.017585217591722935,0.017585217591722935,0.016538664898620162,0.017585217591722935,0.019666290885597237,0.02060051775168902,0.01966629088559722,0.017585217591722935,0.017585217591722935,0.02060051775168902,0.023385382046720877,0.023385382046720877,0.02060051775168902,0.017585217591722935,0.016538664898620162,0.019666290885597237,0.023385382046720877,0.0,0.023385382046720877,0.01966629088559722,0.016538664898620162,0.017585217591722935,0.02060051775168902,0.023385382046720877,0.023385382046720877,0.02060051775168902,0.017585217591722935,0.017585217591722935,0.019666290885597237,0.02060051775168902,0.01966629088559722,0.017585217591722935,0.016538664898620162,0.017585217591722935,0.017585217591722935,0.016538664898620162
0.004686602766100578,0.005142225254119026,0.005569278754209815,0.005942238626521622,0.005011308902914295,0.005569278754209815,0.006114671182146415,0.006617196980708972,0.007041294522412872,0.0052786190040441374,0.005942238626521622,0.006617196980708972,0.007271016304822961,0.007860632226156091,0.008335613530955114,0.0054696105328176925,0.006234237575951994,0.007041294522412872,0.007860632226156091,0.00864603778848552,0.009334853217730763,0.009853939648428364,0.0064209740996657065,0.007350468213254937,0.008335613530955114,0.009334853217730763,0.010281089507437025,0.01108033201438008,0.007513953782787455,0.00864603778848552,0.009853939648428364,0.01108033201438008,0.012225345764819732,0.008754227461617163,0.010134762509094572,0.0116234148266179,0.0131419752979414,0.015565188624549945,0.017286424455424047,0.018380294739321693,0.018380294739321693,0.015951242440707517,0.018380294739321693,0.020555459210049917,0.021531925100369182,0.0205554592100499,0.015565188624549945,0.018380294739321693,0.021531925100369182,0.024442700942903628,0.024442700942903628,0.021531925100369182,0.014537280213471658,0.017286424455424047,0.0205554592100499,0.024442700942903628,0.0,0.024442700942903628,0.020555459210049917,0.015565188624549945,0.018380294739321693,0.021531925100369182,0.024442700942903628,0.024442700942903628,0.021531925100369182,0.015951242440707517,0.018380294739321693,0.020555459210049917,0.021531925100369182,0.0205554592100499,0.015565188624549945,0.017286424455424047,0.018380294739321693,0.018380294739321693
0.004582887765533336,0.0050846729409522355,0.005578995044134091,0.006042321569684129,0.004843124491806425,0.0054369589336034875,0.006042321569684129,0.006634038482538005,0.007179247764742106,0.0050431414432452835,0.005726973792103861,0.006446959868564898,0.007179247764742106,0.007888601126123777,0.008528297782824134,0.005169341630024807,0.005934187739343091,0.006763760594176733,0.0076393672590214096,0.008528297782824134,0.009380414040539868,0.010127736002564783,0.006042321569684129,0.0069663581251820355,0.007974801512432005,0.009043622999938545,0.010127736002564783,0.011154343611133164,0.00703613819718766,0.008152173202145278,0.009380414040539868,0.010690912542141582,0.012021472094414773,0.008152173202145278,0.009497793116795702,0.010995587905532435,0.012610683217673564,0.01482145842985049,0.01688726298557563,0.018754696965162704,0.019941478288657263,0.01482145842985049,0.01730610740033302,0.019941478288657263,0.022301396651363884,0.023360801499195775,0.014258227019249633,0.01688726298557563,0.019941478288657263,0.023360801499195775,0.026518812515355945,0.026518812515355945,0.01326374090285549,0.015772046197544826,0.018754696965162704,0.022301396651363884,0.026518812515355945,0.0,0.02651881251535597,0.014258227019249633,0.01688726298557563,0.019941478288657263,0.023360801499195775,0.026518812515355945,0.026518812515355945,0.01482145842985049,0.01730610740033302,0.019941478288657263,0.022301396651363905,0.023360801499195775,0.01482145842985049,0.01688726298557563,0.018754696965162704,0.019941478288657263
0.00460944496560192,0.005162572931273768,0.005727828441874429,0.006284676883245757,0.004819483679868024,0.005455726756441555,0.006124674758602112,0.006806609145505159,0.007473171774476894,0.004967584372585178,0.005681043664060387,0.006451373323952419,0.007262429762468363,0.008087344066313182,0.008886422867613675,0.005044220376226895,0.005823206793842781,0.006684797568605539,0.007619302314083472,0.008605663642930889,0.009607034153132089,0.010566933795332818,0.005871823526720572,0.006806609145505159,0.007847526216352471,0.008983526659761291,0.010187542372575256,0.011408783809883031,0.006806609145505159,0.007926132704075753,0.009183333927784462,0.010566933795332818,0.012043196020588622,0.007847526216352471,0.009183333927784462,0.010699160040612854,0.012386409484312747,0.014442355414486492,0.016696210775094304,0.019023317007303663,0.02112696095565925,0.014205796684364898,0.016696210775094304,0.019495140658387568,0.022463857133238074,0.025122279351419405,0.013542056799958794,0.016061736752780397,0.019023317007303663,0.022463857133238074,0.0263156873226575,0.029873152183854144,0.012565246049891222,0.014941459022298709,0.01776703749601175,0.02112696095565925,0.025122279351419405,0.02987315218385417,0.0,0.013542056799958794,0.016061736752780397,0.019023317007303663,0.022463857133238074,0.0263156873226575,0.029873152183854144,0.014205796684364898,0.016696210775094304,0.019495140658387568,0.022463857133238074,0.025122279351419405,0.014442355414486492,0.016696210775094304,0.019023317007303663,0.02112696095565925
0.005650271847924006,0.005854710557630921,0.005961396140551968,0.005961396140551968,0.006360615077420539,0.006673172858598872,0.00687305698020538,0.00694190248058869,0.00687305698020538,0.007083095367106932,0.0075370524340646824,0.007867994182303249,0.008042990314883322,0.008042990314883322,0.007867994182303249,0.00778294828656175,0.00841407742068641,0.008922500834602057,0.009254781198442105,0.009370588204756345,0.009254781198442105,0.008922500834602057,0.009254781198442105,0.00999209420119875,0.010547728059933953,0.010848322875104382,0.010848322875104382,0.010547728059933953,0.011004952349346063,0.0118604672923993,0.012441787050981574,0.012648971020358163,0.012441787050981574,0.013086098267970454,0.014067265130364786,0.014622953125230823,0.014622953125230823,0.016661090149817936,0.01556080957398735,0.014067265130364786,0.012441787050981574,0.019674400035798963,0.01850351339562806,0.016661090149817936,0.014622953125230823,0.012648971020358163,0.02304792790178933,0.02200271177114948,0.019674400035798963,0.01707432493860409,0.014622953125230823,0.012441787050981574,0.02616364335427591,0.02616364335427591,0.02304792790178933,0.019674400035798963,0.016661090149817936,0.014067265130364786,0.0118604672923993,0.0,0.02616364335427591,0.02200271177114948,0.01850351339562806,0.01556080957398735,0.013086098267970454,0.02616364335427591,0.02304792790178933,0.019674400035798963,0.016661090149817936,0.014067265130364786,0.02200271177114948,0.019674400035798963,0.01707432493860409,0.014622953125230823
0.00508937454063887,0.005360848770127032,0.00555481554464627,0.005656036387003211,0.005656036387003211,0.006034806188585346,0.0063313538666301,0.0065209993520726935,0.006586318389101726,0.006209924880243681,0.006720278972311559,0.007150983060467082,0.007464973026220721,0.007631005356587898,0.007631005356587898,0.006720278972311559,0.007384283424399584,0.007983084319918734,0.008465464833025354,0.008780724846662355,0.008890599887028755,0.008780724846662355,0.007983084319918734,0.008780724846662355,0.009480270569489635,0.010007443273460676,0.010292640762817764,0.010292640762817764,0.009480270569489635,0.010441247227595677,0.01125294024940618,0.011804483147999869,0.012001054562139986,0.01125294024940618,0.012415790902412243,0.013346699593024822,0.013873923660119305,0.016199729200904834,0.01580766147941071,0.014763740420302162,0.013346699593024822,0.018666621018181964,0.018666621018181964,0.017555710539206588,0.01580766147941071,0.013873923660119305,0.020875669969961517,0.02186734714218756,0.020875669969961538,0.018666621018181964,0.016199729200904834,0.013873923660119305,0.02186734714218756,0.024823466741577344,0.024823466741577344,0.02186734714218756,0.018666621018181964,0.01580766147941071,0.013346699593024822,0.024823466741577344,0.0,0.024823466741577344,0.020875669969961517,0.017555710539206588,0.014763740420302162,0.024823466741577344,0.024823466741577344,0.02186734714218756,0.018666621018181964,0.01580766147941071,0.02186734714218756,0.020875669969961538,0.018666621018181964,0.016199729200904834
0.004686602766100578,0.005011308902914295,0.0052786190040441374,0.0054696105328176925,0.005142225254119026,0.005569278754209815,0.005942238626521622,0.006234237575951994,0.0064209740996657065,0.005569278754209815,0.006114671182146415,0.006617196980708972,0.007041294522412872,0.007350468213254937,0.007513953782787455,0.005942238626521622,0.006617196980708972,0.007271016304822961,0.007860632226156091,0.008335613530955114,0.00864603778848552,0.008754227461617163,0.007041294522412872,0.007860632226156091,0.00864603778848552,0.009334853217730763,0.009853939648428364,0.010134762509094572,0.008335613530955114,0.009334853217730763,0.010281089507437025,0.01108033201438008,0.0116234148266179,0.009853939648428364,0.01108033201438008,0.012225345764819732,0.0131419752979414,0.015565188624549945,0.015951242440707517,0.015565188624549945,0.014537280213471658,0.017286424455424047,0.018380294739321693,0.018380294739321693,0.017286424455424047,0.015565188624549945,0.018380294739321693,0.0205554592100499,0.021531925100369182,0.020555459210049917,0.018380294739321693,0.015951242440707517,0.018380294739321693,0.021531925100369182,0.024442700942903628,0.024442700942903628,0.021531925100369182,0.018380294739321693,0.015565188624549945,0.020555459210049917,0.024442700942903628,0.0,0.024442700942903628,0.0205554592100499,0.017286424455424047,0.021531925100369182,0.024442700942903628,0.024442700942903628,0.021531925100369182,0.018380294739321693,0.0205554592100499,0.021531925100369182,0.0205554592100499,0.018380294739321693
0.004419573226831374,0.004789711910405407,0.005121561851289647,0.005394752996145,0.004789711910405407,0.005255358470701845,0.00569180750166315,0.006072972800210837,0.006371395968487204,0.005121561851289647,0.00569180750166315,0.006249199014941831,0.006762780797479748,0.007196208836520263,0.0075121846047508534,0.005394752996145,0.006072972800210837,0.006762780797479748,0.007430984688497292,0.008033572648672055,0.0085190039357595,0.00883625778418183,0.006371395968487204,0.007196208836520263,0.008033572648672055,0.00883625778418183,0.00954022772364227,0.010070734485944807,0.0075121846047508534,0.0085190039357595,0.00954022772364227,0.01050728199580002,0.011324108500170602,0.00883625778418183,0.010070734485944807,0.011324108500170592,0.012494313501910463,0.014857112424166517,0.015907635672042293,0.01630218299205036,0.015907635672042293,0.015907635672042293,0.01766674011745995,0.01878467645401497,0.01878467645401497,0.01766674011745995,0.01630218299205036,0.01878467645401497,0.02100769634550154,0.022005645294534897,0.02100769634550156,0.01878467645401497,0.015907635672042293,0.01878467645401497,0.022005645294534897,0.024980460617555676,0.024980460617555676,0.022005645294534897,0.01878467645401497,0.01766674011745995,0.02100769634550154,0.024980460617555676,0.0,0.024980460617555676,0.02100769634550156,0.01878467645401497,0.022005645294534897,0.024980460617555676,0.024980460617555676,0.022005645294534897,0.01878467645401497,0.02100769634550154,0.022005645294534897,0.02100769634550156
0.004277481700762711,0.004690818070716866,0.005083673474727274,0.005435890220456399,0.004581986932463514,0.005083673474727274,0.005577898411729097,0.00604113386372951,0.00644569262508294,0.004842172505433053,0.005435890220456399,0.00604113386372951,0.006632734466040702,0.007177836579451563,0.007637865630569759,0.005042150140638653,0.0057258480723293695,0.00644569262508294,0.007177836579451563,0.007887050507140154,0.008526621422183177,0.00904184534465084,0.005933021288661418,0.006762431078916634,0.007637865630569759,0.008526621422183177,0.009378570184087633,0.010125745249140238,0.006964988786438332,0.007973233949512028,0.00904184534465084,0.010125745249140238,0.011152151063091153,0.008150570774246729,0.009378570184087633,0.010688811088198727,0.01201910909969077,0.014255424357898732,0.015768945973074926,0.016883943549068674,0.017302705633880575,0.014818545057195584,0.016883943549068674,0.018751010457418005,0.01993755850182795,0.01993755850182795,0.014818545057195584,0.017302705633880575,0.01993755850182795,0.022297012988347333,0.023356209594788624,0.022297012988347353,0.014255424357898732,0.016883943549068674,0.01993755850182795,0.023356209594788624,0.026513599858073365,0.026513599858073365,0.023356209594788624,0.015768945973074926,0.018751010457418005,0.022297012988347333,0.026513599858073365,0.0,0.02651359985807339,0.016883943549068674,0.01993755850182795,0.023356209594788624,0.026513599858073365,0.026513599858073365,0.017302705633880575,0.01993755850182795,0.022297012988347333,0.023356209594788624
0.004260679809147752,0.004720573477173315,0.00517672614868767,0.005610276291100919,0.00451484538478743,0.005056621512205473,0.005610276291100919,0.006155696538942649,0.006666917191975396,0.004720573477173315,0.005343758945121701,0.0059989781358823335,0.006666917191975396,0.007319799964531036,0.007921367606178599,0.0048656347012442595,0.005564451676691091,0.006318971870701966,0.007113383008173409,0.007921367606178599,0.008704046923331894,0.009409869112538508,0.005703697194356396,0.006547605552530079,0.007462931468918809,0.008429049716671449,0.009409869112538508,0.010350068746505315,0.006666917191975396,0.0076864715349238754,0.008799157855579628,0.009978463569125517,0.01117464148383898,0.007763464782692365,0.008994864481564608,0.010350068746505315,0.01179603366075651,0.013914251298422472,0.015732101932253304,0.017402404809868256,0.01863290171261599,0.014145955136713377,0.01635355465222029,0.01863290171261599,0.020693372602787252,0.02200283167699783,0.013914251298422472,0.01635355465222029,0.019095042132867553,0.02200283167699783,0.024606695129569704,0.025775610804086135,0.013264133339281392,0.015732101932253304,0.01863290171261599,0.02200283167699783,0.025775610804086135,0.029260065858865113,0.029260065858865113,0.014634815647485847,0.017402404809868256,0.020693372602787252,0.024606695129569724,0.02926006585886514,0.0,0.015732101932253304,0.01863290171261599,0.02200283167699783,0.025775610804086135,0.029260065858865113,0.01635355465222029,0.019095042132867553,0.02200283167699783,0.024606695129569704
0.0050320987477595865,0.005239920176378439,0.005371044578184472,0.005415886303504686,0.005649104062406977,0.005950435033510524,0.006165734278075663,0.00627808739085857,0.00627808739085857,0.00627808739085857,0.00669851430338958,0.007027676301462859,0.007238179001485487,0.007310681827616043,0.007238179001485487,0.006892892552534181,0.007459375398657108,0.00793744833171918,0.008285970920679836,0.008470263490322465,0.008470263490322465,0.008285970920679836,0.008196407074709764,0.00886106410563552,0.00939649683797958,0.009746429154717209,0.009868388254393345,0.009746429154717209,0.009746429154717209,0.010522910931231724,0.011108062100557738,0.011424625615946635,0.011424625615946635,0.01158957582292658,0.012490538860785749,0.013102740459264727,0.013320930801772438,0.015399778083549295,0.014814569902182415,0.013781279853694584,0.012490538860785749,0.017981375767882994,0.01754618842992121,0.016387456910212303,0.014814569902182415,0.013102740459264727,0.020719576400440372,0.020719576400440372,0.01948648796302258,0.01754618842992121,0.015399778083549295,0.013320930801772438,0.023171576603590528,0.024272318452610575,0.02317157660359055,0.020719576400440372,0.017981375767882994,0.015399778083549295,0.013102740459264727,0.02755355214931104,0.02755355214931104,0.024272318452610575,0.020719576400440372,0.01754618842992121,0.014814569902182415,0.0,0.02755355214931104,0.023171576603590528,0.01948648796302258,0.016387456910212303,0.02755355214931104,0.024272318452610575,0.020719576400440372,0.01754618842992121
0.004582887765533336,0.004843124491806425,0.0050431414432452835,0.005169341630024807,0.0050846729409522355,0.0054369589336034875,0.005726973792103861,0.005934187739343091,0.006042321569684129,0.005578995044134091,0.006042321569684129,0.006446959868564898,0.006763760594176733,0.0069663581251820355,0.00703613819718766,0.006042321569684129,0.006634038482538005,0.007179247764742106,0.0076393672590214096,0.007974801512432005,0.008152173202145278,0.008152173202145278,0.007179247764742106,0.007888601126123777,0.008528297782824134,0.009043622999938545,0.009380414040539868,0.009497793116795702,0.008528297782824134,0.009380414040539868,0.010127736002564783,0.010690912542141582,0.010995587905532435,0.010127736002564783,0.011154343611133164,0.012021472094414773,0.012610683217673564,0.01482145842985049,0.01482145842985049,0.014258227019249633,0.01326374090285549,0.01688726298557563,0.01730610740033302,0.01688726298557563,0.015772046197544826,0.014258227019249633,0.018754696965162704,0.019941478288657263,0.019941478288657263,0.018754696965162704,0.01688726298557563,0.01482145842985049,0.019941478288657263,0.022301396651363884,0.023360801499195775,0.022301396651363905,0.019941478288657263,0.01730610740033302,0.01482145842985049,0.023360801499195775,0.026518812515355945,0.026518812515355945,0.023360801499195775,0.019941478288657263,0.01688726298557563,0.026518812515355945,0.0,0.026518812515355945,0.022301396651363884,0.018754696965162704,0.026518812515355945,0.026518812515355945,0.023360801499195775,0.019941478288657263
0.004277481700762712,0.004581986932463514,0.004842172505433053,0.005042150140638654,0.004690818070716867,0.005083673474727274,0.005435890220456399,0.00572584807232937,0.005933021288661419,0.005083673474727274,0.005577898411729098,0.006041133863729511,0.00644569262508294,0.006762431078916635,0.006964988786438333,0.005435890220456399,0.006041133863729511,0.006632734466040703,0.007177836579451564,0.00763786563056976,0.00797323394951203,0.00815057077424673,0.00644569262508294,0.007177836579451564,0.007887050507140154,0.008526621422183179,0.009041845344650842,0.009378570184087635,0.00763786563056976,0.008526621422183179,0.009378570184087635,0.01012574524914024,0.010688811088198727,0.009041845344650842,0.01012574524914024,0.011152151063091155,0.012019109099690783,0.014255424357898734,0.014818545057195586,0.014818545057195586,0.014255424357898734,0.01576894597307493,0.016883943549068678,0.017302705633880575,0.016883943549068678,0.01576894597307493,0.016883943549068678,0.018751010457418008,0.01993755850182795,0.01993755850182795,0.018751010457418008,0.016883943549068678,0.017302705633880575,0.01993755850182795,0.022297012988347336,0.023356209594788627,0.022297012988347357,0.01993755850182795,0.017302705633880575,0.01993755850182795,0.023356209594788627,0.026513599858073365,0.026513599858073365,0.023356209594788627,0.01993755850182795,0.022297012988347336,0.026513599858073365,0.0,0.026513599858073365,0.022297012988347357,0.023356209594788627,0.026513599858073365,0.026513599858073365,0.023356209594788627
0.004096996946680529,0.004442497804513669,0.0047587501973766315,0.0050289731737781914,0.004442497804513669,0.0048717798083897715,0.00527979073442052,0.005645595249571475,0.005946739055778171,0.0047587501973766315,0.00527979073442052,0.005793081813415672,0.006274187899297415,0.006694353673189308,0.007023311219754696,0.0050289731737781914,0.005645595249571475,0.006274187899297415,0.006888611188694026,0.007454742176848041,0.007932518165753076,0.008280824277814014,0.005946739055778171,0.006694353673189308,0.007454742176848041,0.008191316062395064,0.00885556025668415,0.009390660417133085,0.007023311219754696,0.007932518165753076,0.00885556025668415,0.009740375381350568,0.010516374863824495,0.008280824277814014,0.009390660417133085,0.010516374863824495,0.011582377220819723,0.01377271992434896,0.014805368168163895,0.01539021286074467,0.01539021286074467,0.014805368168163895,0.016377278213110507,0.01753529001302237,0.01797020704424163,0.01753529001302237,0.01539021286074467,0.01753529001302237,0.019474384373085456,0.020706706905593602,0.020706706905593602,0.019474384373085456,0.01539021286074467,0.01797020704424163,0.020706706905593602,0.023157184104442466,0.0242572422526339,0.02315718410444249,0.020706706905593602,0.01753529001302237,0.020706706905593602,0.0242572422526339,0.02753643788546015,0.02753643788546015,0.0242572422526339,0.019474384373085456,0.023157184104442466,0.02753643788546015,0.0,0.027536437885460178,0.020706706905593602,0.0242572422526339,0.02753643788546015,0.027536437885460178
0.004038243743641695,0.004426469673290752,0.004799755055046637,0.005141439865734071,0.004332147259391389,0.004799755055046637,0.005263559103762573,0.005704381494882359,0.0060996033155821415,0.004590576137237367,0.005141439865734071,0.005704381494882359,0.006258950469258481,0.006778746194397256,0.0072327009031978315,0.004799755055046637,0.005433393661559327,0.0060996033155821415,0.006778746194397256,0.007442580239790241,0.008054238408636146,0.008570436236713157,0.005657788231220071,0.006424964535720056,0.0072327009031978315,0.008054238408636146,0.008850046169526348,0.009567707622523609,0.006657433254915911,0.007588112591959669,0.008570436236713157,0.009567707622523609,0.01052367790192013,0.007815402256446736,0.00894675246592312,0.010145839523334354,0.011362081791491785,0.013486622198316232,0.014880295947804567,0.01599598780550226,0.016627864599404032,0.014147645054088514,0.01599598780550226,0.01769430787594673,0.018945444789235336,0.01941533702350939,0.014383235427692109,0.016627864599404032,0.018945444789235336,0.02104047744124226,0.022371901015350554,0.022371901015350554,0.014147645054088514,0.016627864599404032,0.01941533702350939,0.022371901015350554,0.025019440944464587,0.026207963683240614,0.02501944094446461,0.01599598780550226,0.018945444789235336,0.022371901015350554,0.026207963683240614,0.029750866011555365,0.029750866011555365,0.01769430787594673,0.02104047744124226,0.02501944094446461,0.029750866011555393,0.0,0.018945444789235336,0.022371901015350554,0.026207963683240614,0.029750866011555365
0.00460944496560192,0.004819483679868024,0.004967584372585178,0.005044220376226895,0.005162572931273768,0.005455726756441555,0.005681043664060387,0.005823206793842781,0.005871823526720572,0.005727828441874429,0.006124674758602112,0.006451373323952419,0.006684797568605539,0.006806609145505159,0.006806609145505159,0.006284676883245757,0.006806609145505159,0.007262429762468363,0.007619302314083472,0.007847526216352471,0.007926132704075753,0.007847526216352471,0.007473171774476894,0.008087344066313182,0.008605663642930889,0.008983526659761291,0.009183333927784462,0.009183333927784462,0.008886422867613675,0.009607034153132089,0.010187542372575256,0.010566933795332818,0.010699160040612854,0.010566933795332818,0.011408783809883031,0.012043196020588622,0.012386409484312747,0.014442355414486492,0.014205796684364898,0.013542056799958794,0.012565246049891222,0.016696210775094304,0.016696210775094304,0.016061736752780397,0.014941459022298709,0.01354205679995878,0.019023317007303663,0.019495140658387568,0.019023317007303663,0.01776703749601175,0.016061736752780397,0.014205796684364898,0.02112696095565925,0.022463857133238074,0.022463857133238074,0.02112696095565925,0.019023317007303663,0.016696210775094304,0.014442355414486492,0.025122279351419405,0.0263156873226575,0.02512227935141938,0.022463857133238074,0.019495140658387568,0.016696210775094304,0.029873152183854144,0.029873152183854144,0.0263156873226575,0.022463857133238074,0.019023317007303663,0.0,0.029873152183854144,0.02512227935141938,0.02112696095565925
0.004260679809147751,0.00451484538478743,0.004720573477173315,0.004865634701244259,0.004720573477173315,0.005056621512205473,0.005343758945121701,0.00556445167669109,0.005703697194356396,0.00517672614868767,0.0056102762911009185,0.005998978135882333,0.006318971870701965,0.006547605552530078,0.006666917191975395,0.0056102762911009185,0.006155696538942648,0.006666917191975395,0.007113383008173408,0.007462931468918808,0.007686471534923874,0.007763464782692364,0.006666917191975395,0.007319799964531035,0.007921367606178597,0.008429049716671449,0.008799157855579626,0.008994864481564606,0.007921367606178597,0.008704046923331892,0.009409869112538506,0.009978463569125516,0.010350068746505313,0.009409869112538506,0.010350068746505313,0.01117464148383898,0.01179603366075651,0.01391425129842247,0.014145955136713375,0.01391425129842247,0.01326413333928139,0.0157321019322533,0.016353554652220288,0.016353554652220288,0.0157321019322533,0.014634815647485845,0.017402404809868252,0.018632901712615987,0.01909504213286755,0.018632901712615987,0.017402404809868252,0.0157321019322533,0.018632901712615987,0.02069337260278725,0.02200283167699783,0.02200283167699783,0.02069337260278725,0.018632901712615987,0.016353554652220288,0.02200283167699783,0.024606695129569724,0.025775610804086132,0.0246066951295697,0.02200283167699783,0.01909504213286755,0.025775610804086132,0.02926006585886511,0.02926006585886511,0.025775610804086132,0.02200283167699783,0.02926006585886511,0.0,0.02926006585886511,0.024606695129569724
0.004038243743641695,0.004332147259391389,0.004590576137237367,0.004799755055046637,0.004426469673290752,0.004799755055046637,0.005141439865734071,0.005433393661559327,0.005657788231220071,0.004799755055046637,0.005263559103762573,0.005704381494882359,0.0060996033155821415,0.006424964535720056,0.006657433254915911,0.005141439865734071,0.005704381494882359,0.006258950469258481,0.006778746194397256,0.0072327009031978315,0.007588112591959669,0.007815402256446736,0.0060996033155821415,0.006778746194397256,0.007442580239790241,0.008054238408636146,0.008570436236713157,0.00894675246592312,0.0072327009031978315,0.008054238408636146,0.008850046169526348,0.009567707622523609,0.010145839523334354,0.008570436236713157,0.009567707622523609,0.01052367790192013,0.011362081791491785,0.013486622198316232,0.014147645054088514,0.014383235427692109,0.014147645054088514,0.014880295947804567,0.01599598780550226,0.016627864599404032,0.016627864599404032,0.01599598780550226,0.01599598780550226,0.01769430787594673,0.018945444789235336,0.01941533702350939,0.018945444789235336,0.01769430787594673,0.016627864599404032,0.018945444789235336,0.02104047744124226,0.022371901015350554,0.022371901015350554,0.02104047744124226,0.018945444789235336,0.01941533702350939,0.022371901015350554,0.025019440944464587,0.026207963683240614,0.025019440944464587,0.022371901015350554,0.022371901015350554,0.026207963683240614,0.029750866011555365,0.029750866011555365,0.026207963683240614,0.025019440944464587,0.029750866011555365,0.0,0.029750866011555393
0.003931771760844286,0.004265258387899351,0.004575684037108434,0.004848640799721765,0.004265258387899351,0.004675308896970996,0.0050695789575936085,0.005430471983701072,0.005738838307176077,0.004575684037108434,0.0050695789575936085,0.005559456299010188,0.006025060041790193,0.006442499724195401,0.006786151509820141,0.004848640799721765,0.005430471983701072,0.006025060041790193,0.0066108047664247185,0.007159821422522607,0.007639295731740991,0.008014687308595596,0.005738838307176077,0.006442499724195401,0.007159821422522607,0.007860973683265592,0.008507016938902375,0.009052233437903345,0.006786151509820141,0.007639295731740991,0.008507016938902375,0.00934756197351966,0.010105567613196122,0.008014687308595596,0.009052233437903345,0.010105567613196122,0.01111527889157018,0.013217288656377215,0.0142447886030581,0.01494297163983372,0.015191806004699198,0.0142447886030581,0.015716809369352807,0.016895221163303775,0.017562619657897377,0.017562619657897377,0.01494297163983372,0.016895221163303775,0.01868901430350404,0.02001048535690864,0.020506793138429222,0.02001048535690864,0.015191806004699198,0.017562619657897377,0.02001048535690864,0.022223292745260387,0.0236295638690017,0.0236295638690017,0.022223292745260387,0.017562619657897377,0.020506793138429222,0.0236295638690017,0.026425938383970587,0.027681275333047834,0.02642593838397056,0.02001048535690864,0.0236295638690017,0.027681275333047834,0.031423346102586194,0.03142334610258617,0.022223292745260387,0.026425938383970587,0.031423346102586194,0.0
